6106;0;0;0;1;
8760;1;0;0;0;
11386;0;0;1;0;
14070;0;1;0;0;
14686;0;0;0;1;
15316;1;0;0;0;
15976;0;0;1;0;
16664;0;1;0;0;
17446;0;0;0;1;
18152;1;0;0;0;
18722;0;0;1;0;
19366;0;1;0;0;
20040;0;0;0;1;
20686;1;0;0;0;
21302;0;0;1;0;
22020;0;1;0;0;
22696;0;0;0;1;
23356;1;0;0;0;
23956;0;0;1;0;
24722;0;0;0;1;
25096;1;0;0;0;
25484;0;1;0;0;
26070;0;0;1;0;
26430;0;0;0;1;
26732;1;0;0;0;
27392;0;0;0;1;
27766;0;0;1;0;
28036;0;1;0;0;
28740;1;0;0;0;
29040;0;1;0;0;
29324;0;0;1;0;
30062;1;0;0;0;
30360;0;0;0;1;
30734;0;0;1;0;
31382;0;1;0;0;
31756;1;0;0;0;
32116;0;0;0;1;
32654;0;0;1;0;
32984;0;1;0;0;
33330;1;0;0;0;
34020;0;0;0;1;
34382;1;0;0;0;
34786;0;0;0;1;
35430;0;1;0;0;
35760;0;0;1;0;
36090;0;0;0;1;
36360;1;0;0;0;
36706;0;1;0;0;
37110;0;0;1;0;
37426;0;0;0;1;
37696;1;0;0;0;
38116;0;0;0;1;
38430;0;1;0;0;
38790;1;0;0;0;
39180;0;0;1;0;
39420;1;0;0;0;
39780;0;1;0;0;
40142;0;0;0;1;
40440;0;0;1;0;
40770;0;1;0;0;
41086;1;0;0;0;
41446;0;0;0;1;
41760;0;1;0;0;
42090;0;0;1;0;
42436;1;0;0;0;
42812;0;0;0;1;
43170;0;0;1;0;
43530;0;1;0;0;
43756;1;0;0;0;
44160;0;0;0;1;
44490;0;0;1;0;
44760;0;1;0;0;
45090;0;1;0;0;
45420;0;1;0;0;
45812;0;1;0;0;
46110;0;1;0;0;
48750;0;0;0;1;
51510;1;0;0;0;
54062;0;1;0;0;
56744;0;0;1;0;
57106;1;0;0;0;
57404;0;0;0;1;
57796;0;1;0;0;
58186;0;0;1;0;
58500;0;0;0;1;
58740;0;0;1;0;
59086;0;1;0;0;
59446;1;0;0;0;
59836;0;0;0;1;
60106;0;0;1;0;
60450;0;1;0;0;
60780;1;0;0;0;
61066;0;1;0;0;
61396;1;0;0;0;
61770;0;0;0;1;
62056;0;0;1;0;
62386;0;1;0;0;
62716;0;0;0;1;
63046;0;1;0;0;
63360;0;0;0;1;
63706;0;0;1;0;
64052;0;0;0;1;
64382;0;0;1;0;
64756;0;0;0;1;
65086;1;0;0;0;
65400;0;0;0;1;
65716;0;1;0;0;
66062;1;0;0;0;
66494;1;0;0;0;
66812;1;0;0;0;
67096;1;0;0;0;
67366;0;1;0;0;
67664;0;0;1;0;
68040;0;0;0;1;
68340;0;0;1;0;
68670;0;1;0;0;
69046;0;0;0;1;
69316;0;0;1;0;
69690;0;1;0;0;
70080;1;0;0;0;
70410;0;1;0;0;
70726;1;0;0;0;
71040;0;0;1;0;
71446;0;0;0;1;
71760;0;0;1;0;
72046;0;1;0;0;
72376;1;0;0;0;
72734;0;0;0;1;
73052;0;1;0;0;
73382;0;0;1;0;
73712;0;0;0;1;
74026;0;0;1;0;
74370;0;1;0;0;
74760;1;0;0;0;
75030;0;1;0;0;
75346;0;0;1;0;
75676;0;0;0;1;
76020;0;0;1;0;
76680;0;1;0;0;
77356;1;0;0;0;
78016;0;0;0;1;
78450;1;0;0;0;
78780;0;1;0;0;
79052;0;0;1;0;
79366;0;0;0;1;
79712;1;0;0;0;
80146;1;0;0;0;
80806;1;0;0;0;
81436;1;0;0;0;
82096;0;0;0;1;
82456;0;0;0;1;
82770;0;0;0;1;
83100;0;0;0;1;
83446;0;0;0;1;
83760;0;0;0;1;
84120;0;0;0;1;
84404;0;0;0;1;
84734;1;0;0;0;
85440;1;0;0;0;
86132;1;0;0;0;
86776;1;0;0;0;
87392;0;0;0;1;
87734;0;0;0;1;
88110;0;0;0;1;
88426;0;0;0;1;
88802;0;0;0;1;
89040;0;0;0;1;
89356;0;0;0;1;
89732;0;0;0;1;
90062;0;1;0;0;
90392;0;0;1;0;
90676;0;0;0;1;
91096;1;0;0;0;
91472;0;1;0;0;
91770;1;0;0;0;
92100;0;0;1;0;
92414;0;0;0;1;
92760;0;0;1;0;
93090;0;1;0;0;
93404;1;0;0;0;
93796;0;1;0;0;
94036;0;0;1;0;
94440;0;0;0;1;
94770;0;0;1;0;
95026;0;1;0;0;
95370;1;0;0;0;
95700;0;1;0;0;
96062;0;0;1;0;
96346;0;0;0;1;
96676;0;0;1;0;
96990;0;1;0;0;
97320;1;0;0;0;
97652;0;1;0;0;
97994;0;0;1;0;
98340;0;0;0;1;
98700;0;0;1;0;
99016;0;1;0;0;
99346;1;0;0;0;
99706;0;0;0;1;
100036;0;1;0;0;
100350;1;0;0;0;
100712;0;0;0;1;
101086;1;0;0;0;
101414;0;1;0;0;
101776;1;0;0;0;
102074;0;0;1;0;
102420;1;0;0;0;
102750;0;0;0;1;
103110;1;0;0;0;
103472;0;1;0;0;
103860;1;0;0;0;
104190;0;0;1;0;
104552;1;0;0;0;
104972;0;0;0;1;
105226;1;0;0;0;
105570;0;1;0;0;
105886;1;0;0;0;
106200;0;0;1;0;
106500;1;0;0;0;
106830;0;0;0;1;
107176;1;0;0;0;
107506;0;1;0;0;
107926;1;0;0;0;
108152;0;0;1;0;
108482;1;0;0;0;
108824;0;0;0;1;
109186;1;0;0;0;
109574;0;1;0;0;
109892;1;0;0;0;
110160;0;0;1;0;
110506;1;0;0;0;
110806;0;0;0;1;
111106;1;0;0;0;
111450;0;0;0;1;
111812;0;0;1;0;
112126;0;0;0;1;
112516;0;0;1;0;
112904;0;0;0;1;
113116;0;0;1;0;
113536;0;0;0;1;
113850;0;0;1;0;
114180;0;0;0;1;
114556;0;1;0;0;
114870;0;0;0;1;
115232;0;1;0;0;
115516;0;0;0;1;
115876;0;1;0;0;
116190;0;0;0;1;
116506;0;1;0;0;
116882;0;0;0;1;
117196;1;0;0;0;
117494;0;0;0;1;
117914;1;0;0;0;
118170;0;0;0;1;
118500;1;0;0;0;
118892;0;0;0;1;
119190;1;0;0;0;
119520;0;0;0;1;
119850;0;1;0;0;
120152;0;0;1;0;
120450;1;0;0;0;
120766;0;0;0;1;
121096;0;1;0;0;
121440;0;0;1;0;
121680;1;0;0;0;
122070;0;0;0;1;
122400;0;1;0;0;
122670;0;0;1;0;
123000;1;0;0;0;
123392;0;0;0;1;
123706;0;1;0;0;
123990;0;0;1;0;
124350;1;0;0;0;
124680;0;0;0;1;
124994;0;1;0;0;
125340;0;0;1;0;
125700;0;0;0;1;
126106;1;0;0;0;
126376;0;0;0;1;
126780;1;0;0;0;
127096;0;1;0;0;
127350;0;0;1;0;
127696;0;0;0;1;
128086;0;1;0;0;
128370;1;0;0;0;
128716;0;1;0;0;
129090;0;0;1;0;
129392;0;0;0;1;
129706;1;0;0;0;
130126;0;0;0;1;
130440;1;0;0;0;
130802;0;1;0;0;
131132;1;0;0;0;
131476;0;0;1;0;
131790;1;0;0;0;
132152;0;0;0;1;
132436;0;0;1;0;
132766;0;1;0;0;
133052;0;0;0;1;
133382;1;0;0;0;
133696;0;0;1;0;
134026;0;1;0;0;
134370;1;0;0;0;
134686;0;0;0;1;
135030;0;0;1;0;
135404;0;1;0;0;
135722;0;0;0;1;
136020;0;0;1;0;
136350;0;1;0;0;
136696;1;0;0;0;
137010;0;0;0;1;
137370;0;1;0;0;
137670;0;0;1;0;
137984;1;0;0;0;
138360;0;0;0;1;
138690;0;1;0;0;
139020;0;0;1;0;
139366;0;0;0;1;
139726;0;0;1;0;
140070;0;0;0;1;
140430;0;0;1;0;
140776;0;1;0;0;
141074;1;0;0;0;
141404;0;0;0;1;
141734;0;0;1;0;
142066;0;1;0;0;
142396;1;0;0;0;
142726;0;0;0;1;
143056;0;0;1;0;
143446;0;1;0;0;
144796;1;0;0;0;
145966;0;0;0;1;
147316;0;1;0;0;
148740;0;0;1;0;
150016;0;0;0;1;
151290;1;0;0;0;
152654;0;1;0;0;
154020;0;0;1;0;
154366;0;0;0;1;
154770;1;0;0;0;
155070;0;1;0;0;
155430;1;0;0;0;
155820;0;1;0;0;
156090;1;0;0;0;
156420;0;1;0;0;
156750;0;0;0;1;
157096;0;0;1;0;
157426;0;0;0;1;
157786;0;0;1;0;
158132;0;0;0;1;
158430;0;1;0;0;
158776;1;0;0;0;
159074;0;1;0;0;
159436;1;0;0;0;
159824;0;1;0;0;
160170;1;0;0;0;
160546;0;1;0;0;
160802;1;0;0;0;
161100;0;1;0;0;
161430;0;0;1;0;
161790;0;1;0;0;
162074;0;0;1;0;
162466;0;1;0;0;
162766;0;0;1;0;
163096;0;1;0;0;
163396;0;0;1;0;
163696;0;1;0;0;
164040;0;0;1;0;
164430;0;1;0;0;
164700;0;0;0;1;
165046;1;0;0;0;
165392;0;1;0;0;
165632;0;0;1;0;
165930;1;0;0;0;
166276;0;0;0;1;
166620;1;0;0;0;
166994;0;1;0;0;
167312;0;0;1;0;
167580;1;0;0;0;
168000;0;0;0;1;
168376;1;0;0;0;
168676;0;0;0;1;
169036;0;1;0;0;
169336;0;0;1;0;
169712;1;0;0;0;
170026;0;0;0;1;
170414;1;0;0;0;
170744;0;0;0;1;
171046;1;0;0;0;
171392;0;1;0;0;
171676;0;0;1;0;
172020;1;0;0;0;
172350;0;0;0;1;
172712;1;0;0;0;
173040;0;0;0;1;
173370;1;0;0;0;
173700;0;1;0;0;
173956;0;0;1;0;
174346;1;0;0;0;
174600;0;0;0;1;
174900;0;0;1;0;
175276;0;1;0;0;
175546;0;0;1;0;
176176;0;0;0;1;
176806;1;0;0;0;
177420;0;1;0;0;
178006;0;0;1;0;
178696;0;0;0;1;
179446;0;0;1;0;
179654;0;1;0;0;
180074;1;0;0;0;
180376;0;0;0;1;
180706;0;0;1;0;
181110;0;1;0;0;
181336;1;0;0;0;
181664;0;0;0;1;
182086;0;1;0;0;
182732;0;0;1;0;
183346;1;0;0;0;
184036;0;0;0;1;
184786;1;0;0;0;
185160;0;1;0;0;
185386;1;0;0;0;
185700;0;0;1;0;
186074;0;0;0;1;
186376;0;0;1;0;
186690;1;0;0;0;
187036;0;1;0;0;
187366;0;0;0;1;
188070;0;0;1;0;
188700;0;1;0;0;
189392;1;0;0;0;
190066;0;1;0;0;
190382;0;0;1;0;
190726;0;0;0;1;
190950;0;0;1;0;
191234;0;1;0;0;
191520;1;0;0;0;
191882;0;0;0;1;
192120;0;0;1;0;
192450;0;1;0;0;
192812;1;0;0;0;
193066;0;0;1;0;
193366;1;0;0;0;
193712;0;0;0;1;
194040;0;0;1;0;
194400;0;1;0;0;
194642;0;0;1;0;
195062;0;0;0;1;
195270;0;0;1;0;
195570;1;0;0;0;
195870;0;0;0;1;
196200;0;1;0;0;
196484;0;0;1;0;
196802;0;0;0;1;
196994;0;0;1;0;
197296;1;0;0;0;
197610;0;0;0;1;
197940;0;1;0;0;
198136;0;0;1;0;
198570;0;0;0;1;
198962;0;1;0;0;
199244;0;1;0;0;
199472;0;1;0;0;
199770;0;1;0;0;
200086;1;0;0;0;
200400;0;0;0;1;
200760;0;0;1;0;
201074;0;1;0;0;
201392;1;0;0;0;
201706;0;0;1;0;
202052;1;0;0;0;
202396;0;0;0;1;
202756;0;1;0;0;
203056;1;0;0;0;
203356;0;0;1;0;
203700;0;1;0;0;
204016;0;0;0;1;
204302;0;0;1;0;
204646;0;1;0;0;
204930;1;0;0;0;
205320;0;1;0;0;
205590;0;0;1;0;
205830;0;0;0;1;
206132;0;0;1;0;
206446;0;1;0;0;
206776;1;0;0;0;
207136;0;1;0;0;
207526;1;0;0;0;
207930;0;0;0;1;
208244;1;0;0;0;
208546;0;1;0;0;
208816;0;0;1;0;
209176;0;0;0;1;
209446;1;0;0;0;
209776;0;1;0;0;
210136;1;0;0;0;
210494;0;0;0;1;
210780;0;0;1;0;
211080;0;1;0;0;
211426;0;0;1;0;
211726;0;0;0;1;
212070;1;0;0;0;
212462;0;1;0;0;
212806;1;0;0;0;
213152;0;0;1;0;
213510;0;0;0;1;
213856;1;0;0;0;
214170;0;1;0;0;
214562;0;0;1;0;
214816;0;0;0;1;
215132;0;0;1;0;
215552;0;0;0;1;
215806;0;0;1;0;
216152;0;0;0;1;
216494;0;0;1;0;
216870;0;1;0;0;
217154;0;0;1;0;
217472;0;1;0;0;
217904;0;0;1;0;
218280;0;1;0;0;
218566;1;0;0;0;
218850;0;1;0;0;
219226;1;0;0;0;
219510;0;1;0;0;
220052;0;0;0;1;
220696;0;0;1;0;
221400;1;0;0;0;
222120;0;1;0;0;
222750;0;0;1;0;
223426;0;0;0;1;
224070;1;0;0;0;
224716;0;1;0;0;
225392;1;0;0;0;
226154;0;0;1;0;
226770;0;0;0;1;
227414;0;1;0;0;
228074;0;0;1;0;
228750;0;0;0;1;
229456;1;0;0;0;
230086;0;1;0;0;
230446;1;0;0;0;
230806;0;0;1;0;
231136;0;0;0;1;
231420;0;0;1;0;
231780;0;1;0;0;
232080;1;0;0;0;
232410;0;1;0;0;
232740;0;0;1;0;
233116;0;0;0;1;
233430;0;0;1;0;
233744;0;1;0;0;
234106;1;0;0;0;
234436;0;1;0;0;
234824;0;0;1;0;
235154;0;0;0;1;
235516;0;0;1;0;
235786;0;1;0;0;
236100;1;0;0;0;
236446;0;1;0;0;
236790;0;0;1;0;
237120;0;0;0;1;
237510;0;0;1;0;
237780;0;1;0;0;
238186;1;0;0;0;
238456;0;1;0;0;
238726;0;0;1;0;
239160;0;0;0;1;
239462;0;0;1;0;
239836;0;1;0;0;
240136;1;0;0;0;
240450;0;1;0;0;
240812;0;0;1;0;
241154;0;0;0;1;
242056;1;0;0;0;
243376;0;1;0;0;
244696;0;0;1;0;
245956;0;0;0;1;
247320;1;0;0;0;
248626;0;1;0;0;
249930;0;0;1;0;
251430;0;0;0;1;
251776;1;0;0;0;
252090;0;1;0;0;
252812;1;0;0;0;
253096;0;0;0;1;
253440;0;0;1;0;
254070;0;1;0;0;
254430;0;0;1;0;
254732;1;0;0;0;
255392;0;0;0;1;
255734;0;0;1;0;
256036;0;1;0;0;
256664;0;0;0;1;
257026;1;0;0;0;
257430;0;1;0;0;
258090;0;0;1;0;
258392;1;0;0;0;
258734;0;0;0;1;
259080;0;1;0;0;
259426;0;0;1;0;
259756;0;0;0;1;
260086;1;0;0;0;
260462;0;1;0;0;
260790;0;0;1;0;
261136;1;0;0;0;
261420;0;1;0;0;
261750;0;0;0;1;
262052;0;0;1;0;
