4438;0;0;0;1;
7485;1;0;0;0;
10469;0;1;0;0;
13579;0;0;1;0;
16719;0;0;0;1;
19672;1;0;0;0;
20032;0;0;0;1;
20407;0;1;0;0;
22735;1;0;0;0;
23110;0;1;0;0;
23438;0;0;1;0;
25813;0;0;0;1;
26157;0;1;0;0;
26516;0;0;1;0;
28969;0;0;0;1;
29313;0;0;1;0;
29625;0;1;0;0;
31860;1;0;0;0;
32188;0;1;0;0;
32563;0;0;0;1;
34875;0;0;1;0;
35219;0;1;0;0;
35672;1;0;0;0;
38063;0;0;0;1;
38407;0;1;0;0;
38766;0;0;1;0;
41079;0;0;1;0;
41422;0;1;0;0;
41797;0;0;0;1;
44125;1;0;0;0;
44954;0;0;0;1;
45735;0;1;0;0;
46563;0;0;1;0;
47282;1;0;0;0;
48063;0;0;0;1;
48813;0;1;0;0;
49625;0;0;1;0;
50313;1;0;0;0;
51016;0;1;0;0;
51829;0;0;1;0;
52594;0;0;0;1;
53313;1;0;0;0;
54110;0;1;0;0;
54891;0;0;1;0;
55735;0;0;0;1;
56407;1;0;0;0;
56782;0;1;0;0;
57141;0;0;1;0;
57500;0;0;0;1;
57891;0;0;1;0;
59391;1;0;0;0;
59750;0;1;0;0;
60172;0;0;1;0;
60594;0;0;0;1;
60954;0;0;1;0;
62422;1;0;0;0;
62782;0;1;0;0;
63204;0;0;1;0;
63594;0;0;0;1;
64016;0;0;1;0;
65500;1;0;0;0;
65860;0;1;0;0;
66266;0;0;1;0;
66641;0;0;0;1;
67032;0;0;1;0;
67375;1;0;0;0;
67766;0;1;0;0;
68157;0;0;1;0;
68532;1;0;0;0;
68938;0;0;0;1;
69329;0;1;0;0;
69735;0;0;1;0;
70110;1;0;0;0;
70500;0;0;0;1;
70860;0;0;1;0;
71235;0;1;0;0;
71563;1;0;0;0;
71969;0;0;0;1;
72360;0;1;0;0;
72735;0;0;1;0;
73141;1;0;0;0;
73563;0;0;0;1;
73891;0;0;1;0;
74266;0;1;0;0;
74610;0;0;1;0;
75000;0;0;0;1;
75422;0;0;1;0;
75829;1;0;0;0;
76219;0;1;0;0;
76610;1;0;0;0;
76969;0;0;1;0;
77375;1;0;0;0;
77766;0;0;0;1;
77954;0;0;1;0;
78188;0;1;0;0;
78438;0;0;1;0;
78704;1;0;0;0;
79235;0;0;0;1;
79610;0;0;1;0;
80000;0;1;0;0;
80360;1;0;0;0;
80735;0;0;0;1;
81141;0;0;1;0;
81532;0;1;0;0;
81922;0;0;0;1;
82282;0;0;1;0;
82657;1;0;0;0;
83063;0;0;0;1;
83438;0;1;0;0;
83797;1;0;0;0;
84157;0;0;1;0;
84563;1;0;0;0;
84938;0;0;0;1;
85344;0;1;0;0;
85719;0;0;1;0;
86110;1;0;0;0;
86563;0;0;0;1;
86938;0;0;1;0;
87282;0;1;0;0;
87657;0;0;1;0;
87985;0;0;0;1;
88375;1;0;0;0;
88766;0;1;0;0;
89157;0;0;1;0;
89532;1;0;0;0;
89907;0;0;0;1;
90313;0;0;1;0;
90704;0;1;0;0;
91079;1;0;0;0;
91454;0;0;0;1;
91829;0;0;1;0;
92204;0;1;0;0;
92579;1;0;0;0;
92969;0;0;0;1;
93360;0;0;1;0;
93704;0;1;0;0;
94079;1;0;0;0;
94469;0;0;0;1;
94875;0;0;1;0;
95250;0;1;0;0;
95594;0;0;0;1;
96016;0;0;1;0;
96407;1;0;0;0;
96766;0;1;0;0;
97157;0;0;1;0;
97563;1;0;0;0;
97938;0;0;0;1;
98375;0;0;1;0;
98766;0;1;0;0;
99110;0;0;0;1;
99938;1;0;0;0;
100688;0;0;0;1;
101454;0;0;1;0;
102110;0;1;0;0;
102954;1;0;0;0;
103704;0;0;0;1;
104563;1;0;0;0;
105235;0;1;0;0;
106063;0;0;1;0;
106766;0;0;0;1;
107594;1;0;0;0;
108250;0;1;0;0;
109032;0;0;0;1;
109829;0;0;1;0;
110579;1;0;0;0;
111344;0;1;0;0;
112125;0;0;1;0;
112891;0;0;0;1;
113672;1;0;0;0;
114391;0;1;0;0;
115938;0;0;0;1;
117610;1;0;0;0;
119047;0;0;1;0;
120547;0;0;0;1;
121985;1;0;0;0;
123500;0;1;0;0;
124344;0;0;0;1;
125063;0;0;1;0;
125782;1;0;0;0;
126579;0;1;0;0;
127250;0;0;0;1;
127969;0;0;1;0;
128719;1;0;0;0;
129485;0;1;0;0;
130235;0;0;0;1;
131016;0;0;1;0;
131516;1;0;0;0;
131829;0;0;0;1;
132110;0;1;0;0;
132438;0;0;1;0;
132766;1;0;0;0;
133094;0;0;0;1;
133485;0;0;1;0;
133829;1;0;0;0;
134219;0;1;0;0;
134563;0;0;1;0;
134954;0;0;0;1;
135297;1;0;0;0;
135688;0;1;0;0;
136063;0;0;1;0;
136485;0;0;0;1;
136860;1;0;0;0;
137250;0;1;0;0;
137579;0;0;1;0;
138000;0;0;0;1;
138344;1;0;0;0;
138719;0;1;0;0;
139047;0;0;1;0;
139407;0;0;0;1;
139719;1;0;0;0;
140063;0;1;0;0;
140344;0;0;1;0;
140766;0;0;0;1;
141079;1;0;0;0;
141454;0;1;0;0;
141782;0;0;1;0;
142219;0;0;0;1;
142610;1;0;0;0;
143000;0;1;0;0;
143344;0;0;1;0;
143750;0;0;0;1;
144125;1;0;0;0;
144500;0;1;0;0;
144938;0;0;1;0;
145329;0;0;0;1;
145688;1;0;0;0;
146094;0;1;0;0;
146469;0;0;1;0;
146860;0;0;0;1;
147250;1;0;0;0;
147625;0;1;0;0;
147969;0;0;1;0;
148344;0;0;0;1;
148688;1;0;0;0;
149141;0;1;0;0;
149516;0;0;1;0;
149922;0;0;0;1;
150297;1;0;0;0;
150657;0;1;0;0;
151032;0;0;1;0;
151438;0;0;0;1;
151766;1;0;0;0;
152172;0;1;0;0;
152500;0;0;1;0;
152907;0;0;0;1;
153329;0;0;1;0;
153813;0;1;0;0;
154125;1;0;0;0;
154641;0;0;1;0;
155000;0;0;0;1;
155313;1;0;0;0;
155657;0;1;0;0;
156000;0;0;1;0;
156391;1;0;0;0;
156735;0;0;0;1;
157094;1;0;0;0;
157454;0;1;0;0;
157813;0;0;1;0;
158172;1;0;0;0;
158516;0;0;0;1;
158860;1;0;0;0;
159188;0;0;0;1;
159547;1;0;0;0;
159875;0;0;0;1;
160235;0;1;0;0;
160563;1;0;0;0;
160922;0;0;1;0;
161329;1;0;0;0;
161719;0;0;0;1;
162094;0;0;1;0;
162438;0;1;0;0;
162766;1;0;0;0;
163125;0;0;0;1;
163422;0;0;1;0;
163766;0;1;0;0;
164079;1;0;0;0;
164407;0;0;0;1;
164735;0;0;1;0;
165110;0;1;0;0;
165500;0;0;0;1;
165829;0;0;1;0;
166250;1;0;0;0;
166594;0;1;0;0;
166969;0;0;1;0;
167375;0;0;0;1;
167735;1;0;0;0;
168094;0;0;0;1;
168391;0;0;1;0;
168735;0;1;0;0;
169391;1;0;0;0;
170141;0;0;0;1;
170891;0;0;1;0;
172454;0;1;0;0;
174032;0;0;0;1;
175532;1;0;0;0;
177110;0;1;0;0;
180172;0;0;1;0;
