3609;1;0;0;0;
3828;0;0;0;1;
4312;0;0;1;0;
5656;0;1;0;0;
6843;0;0;0;1;
7453;1;0;0;0;
8156;0;0;0;1;
8859;1;0;0;0;
9500;0;0;0;1;
10156;1;0;0;0;
10797;0;0;0;1;
11484;0;0;1;0;
12172;1;0;0;0;
12968;0;0;0;1;
13609;0;0;1;0;
14312;1;0;0;0;
14968;0;0;0;1;
15750;0;0;1;0;
16406;1;0;0;0;
17062;0;0;0;1;
17828;0;0;1;0;
18453;1;0;0;0;
19187;0;0;0;1;
19859;0;0;1;0;
20484;1;0;0;0;
21187;0;0;0;1;
21859;1;0;0;0;
22609;0;0;0;1;
23281;0;0;1;0;
23984;1;0;0;0;
24250;0;0;0;1;
24547;1;0;0;0;
25343;0;0;1;0;
26031;0;0;0;1;
26687;1;0;0;0;
27047;0;0;0;1;
27406;1;0;0;0;
27843;0;0;0;1;
28187;1;0;0;0;
28734;0;0;0;1;
29437;0;0;1;0;
30047;0;0;0;1;
30765;1;0;0;0;
31453;0;0;1;0;
32218;0;0;0;1;
32859;1;0;0;0;
33562;0;0;1;0;
34234;0;0;0;1;
34875;1;0;0;0;
35593;0;0;0;1;
36297;0;0;1;0;
36968;1;0;0;0;
37625;0;0;0;1;
38343;0;0;1;0;
39000;1;0;0;0;
39656;0;0;0;1;
40343;0;0;1;0;
40984;1;0;0;0;
41812;0;0;0;1;
42406;0;0;1;0;
43093;1;0;0;0;
43500;0;0;0;1;
43890;1;0;0;0;
44500;0;0;1;0;
45515;0;0;0;1;
46843;1;0;0;0;
47578;0;0;1;0;
47718;0;0;1;0;
48312;0;0;0;1;
49765;1;0;0;0;
50843;0;0;1;0;
51843;0;0;0;1;
52422;1;0;0;0;
52890;0;0;0;1;
53359;0;0;1;0;
53812;1;0;0;0;
54297;0;0;0;1;
54781;0;0;1;0;
55156;0;0;0;1;
55672;1;0;0;0;
56125;0;0;1;0;
56515;1;0;0;0;
56953;0;0;0;1;
57343;0;0;1;0;
57875;1;0;0;0;
58297;0;0;0;1;
58734;0;0;1;0;
59203;1;0;0;0;
59656;0;0;0;1;
60140;0;0;1;0;
60609;1;0;0;0;
61172;0;0;0;1;
61578;0;0;1;0;
62015;1;0;0;0;
62453;0;0;0;1;
62937;0;0;1;0;
63359;1;0;0;0;
63828;0;0;0;1;
64265;0;0;1;0;
64718;1;0;0;0;
65593;0;0;0;1;
66453;1;0;0;0;
67937;0;0;0;1;
69140;0;0;1;0;
70218;1;0;0;0;
71109;0;0;0;1;
72281;0;0;1;0;
73484;1;0;0;0;
74515;0;0;0;1;
75609;0;0;1;0;
76531;1;0;0;0;
77484;0;0;0;1;
78390;0;0;1;0;
79703;1;0;0;0;
81000;0;0;0;1;
81562;0;0;1;0;
82031;0;0;0;1;
82906;1;0;0;0;
83422;0;0;1;0;
83828;1;0;0;0;
84718;0;0;0;1;
85172;0;0;1;0;
85640;0;0;0;1;
86515;1;0;0;0;
86984;0;0;1;0;
87406;1;0;0;0;
88328;0;0;0;1;
88797;0;0;1;0;
89234;0;0;0;1;
90093;1;0;0;0;
90593;0;0;1;0;
91031;1;0;0;0;
91937;0;0;0;1;
92406;0;0;1;0;
92843;0;0;0;1;
93734;1;0;0;0;
94187;0;0;1;0;
94672;1;0;0;0;
95578;0;0;0;1;
96562;0;0;1;0;
97468;1;0;0;0;
98656;0;0;0;1;
100125;0;0;1;0;
101547;1;0;0;0;
102937;0;0;0;1;
104234;0;0;1;0;
105531;1;0;0;0;
106937;0;0;0;1;
108750;0;0;1;0;
109312;1;0;0;0;
109781;0;0;0;1;
110234;0;0;1;0;
110656;0;0;0;1;
111078;1;0;0;0;
111500;0;0;0;1;
111984;0;0;1;0;
112468;0;0;0;1;
112906;1;0;0;0;
113375;0;0;0;1;
113843;0;0;1;0;
114281;1;0;0;0;
114734;0;0;0;1;
115234;1;0;0;0;
115672;0;0;1;0;
116109;1;0;0;0;
116578;0;0;0;1;
117031;1;0;0;0;
117515;0;0;1;0;
117937;0;0;0;1;
118422;0;0;1;0;
118812;1;0;0;0;
119328;0;0;1;0;
119781;0;0;0;1;
120172;0;0;1;0;
120609;1;0;0;0;
121078;0;0;0;1;
121500;0;0;1;0;
121937;1;0;0;0;
122422;0;0;0;1;
122875;1;0;0;0;
123297;0;0;1;0;
123750;1;0;0;0;
124234;0;0;0;1;
124734;0;0;1;0;
125172;1;0;0;0;
125765;0;0;0;1;
126250;0;0;1;0;
126734;1;0;0;0;
127265;0;0;0;1;
127750;1;0;0;0;
128328;0;0;1;0;
130140;0;0;0;1;
131984;1;0;0;0;
133812;0;0;1;0;
135593;0;0;0;1;
137390;0;0;1;0;
139187;1;0;0;0;
139672;0;0;0;1;
140140;0;0;1;0;
141062;1;0;0;0;
141547;0;0;0;1;
142015;0;0;1;0;
143234;1;0;0;0;
143703;0;0;0;1;
144187;0;0;1;0;
145750;1;0;0;0;
146109;0;0;0;1;
146593;0;0;1;0;
147750;1;0;0;0;
148140;0;0;0;1;
148734;0;0;1;0;
150156;1;0;0;0;
150547;0;0;0;1;
151047;0;0;1;0;
152500;1;0;0;0;
152922;0;0;0;1;
153375;0;0;1;0;
153781;0;0;0;1;
154250;1;0;0;0;
154734;0;1;0;0;
155187;0;0;1;0;
155609;0;0;0;1;
156031;1;0;0;0;
156547;0;1;0;0;
157000;0;0;1;0;
157453;0;0;0;1;
157906;1;0;0;0;
158390;0;1;0;0;
158843;0;0;1;0;
159281;0;0;0;1;
159781;1;0;0;0;
160218;0;1;0;0;
160656;0;0;1;0;
161062;0;0;0;1;
163172;1;0;0;0;
165047;0;0;1;0;
167000;0;0;0;1;
167515;1;0;0;0;
168312;0;0;0;1;
169281;0;0;1;0;
170218;1;0;0;0;
171281;0;0;0;1;
172375;0;0;1;0;
173390;1;0;0;0;
174328;0;0;0;1;
175203;0;0;1;0;
176093;1;0;0;0;
