4111;0;0;0;1;
4629;0;0;1;0;
7109;1;0;0;0;
7217;0;1;0;0;
7764;1;0;0;0;
7842;0;1;0;0;
10264;0;0;0;1;
10332;0;0;1;0;
10781;0;0;0;1;
10869;0;0;1;0;
11328;1;0;0;0;
11426;0;1;0;0;
11943;0;0;0;1;
12012;0;0;1;0;
12432;1;0;0;0;
12500;0;1;0;0;
12842;0;0;0;1;
12959;0;0;1;0;
13301;1;0;0;0;
13379;0;1;0;0;
13760;0;0;0;1;
13848;0;0;1;0;
14053;1;0;0;0;
14346;0;0;0;1;
14512;1;0;0;0;
14785;0;0;0;1;
14883;0;0;1;0;
15117;0;1;0;0;
15312;1;0;0;0;
15498;0;0;0;1;
15674;0;0;1;0;
15889;1;0;0;0;
16094;0;0;0;1;
16230;0;0;1;0;
16406;0;1;0;0;
16533;1;0;0;0;
16709;0;0;0;1;
16816;0;0;1;0;
16992;0;1;0;0;
17207;1;0;0;0;
17471;0;0;0;1;
17588;0;0;1;0;
17803;0;1;0;0;
17930;1;0;0;0;
18086;0;0;0;1;
18193;0;0;1;0;
18320;0;0;0;1;
18506;1;0;0;0;
18623;0;0;0;1;
18760;0;0;1;0;
18975;0;1;0;0;
19160;1;0;0;0;
19316;0;0;0;1;
19443;0;0;1;0;
19629;0;1;0;0;
19902;1;0;0;0;
20059;0;0;0;1;
20186;0;0;1;0;
20352;0;0;0;1;
20479;0;0;1;0;
20596;0;0;0;1;
20752;1;0;0;0;
20898;0;0;0;1;
21025;0;0;1;0;
21201;0;1;0;0;
21611;1;0;0;0;
21758;0;0;0;1;
21904;0;0;1;0;
22129;0;1;0;0;
22266;1;0;0;0;
22422;0;0;0;1;
22549;0;0;1;0;
22734;1;0;0;0;
23008;0;0;0;1;
23154;1;0;0;0;
23291;0;0;0;1;
23437;0;0;1;0;
23604;0;1;0;0;
23721;1;0;0;0;
23867;0;0;0;1;
23975;0;0;1;0;
24180;0;1;0;0;
24473;1;0;0;0;
24639;0;0;0;1;
24785;0;0;1;0;
24961;0;1;0;0;
25273;1;0;0;0;
25381;0;0;0;1;
25566;0;0;1;0;
25713;0;1;0;0;
25850;1;0;0;0;
26025;0;0;0;1;
26172;1;0;0;0;
26270;0;0;0;1;
26445;0;0;1;0;
26621;0;1;0;0;
26787;1;0;0;0;
26992;0;0;0;1;
27119;0;0;1;0;
27305;0;1;0;0;
27686;0;0;1;0;
27910;0;1;0;0;
28066;0;0;1;0;
28242;0;1;0;0;
28428;0;0;1;0;
28584;0;1;0;0;
28770;0;0;1;0;
28838;0;0;0;1;
29004;1;0;0;0;
29131;0;0;0;1;
29277;0;0;1;0;
29453;0;0;0;1;
29580;1;0;0;0;
29736;0;0;0;1;
29932;1;0;0;0;
30078;0;0;0;1;
30264;0;0;1;0;
30439;0;1;0;0;
30576;1;0;0;0;
30703;0;0;0;1;
30850;0;0;1;0;
31406;1;0;0;0;
31572;0;0;0;1;
31680;0;0;1;0;
31855;0;1;0;0;
32002;1;0;0;0;
32344;0;0;0;1;
32471;0;0;1;0;
32725;1;0;0;0;
32832;0;0;0;1;
32979;0;0;1;0;
33193;0;1;0;0;
33320;1;0;0;0;
33486;0;0;0;1;
33867;1;0;0;0;
34102;0;0;0;1;
34600;0;0;1;0;
34795;1;0;0;0;
34941;0;0;0;1;
35166;0;0;1;0;
35391;0;1;0;0;
35596;1;0;0;0;
35762;0;0;0;1;
35937;0;0;1;0;
36152;0;1;0;0;
36289;1;0;0;0;
36445;0;0;0;1;
36562;0;0;1;0;
36875;1;0;0;0;
37041;1;0;0;0;
37354;0;0;1;0;
37559;0;0;0;1;
37686;1;0;0;0;
37861;0;0;0;1;
38018;0;0;1;0;
38330;1;0;0;0;
38447;0;0;0;1;
38623;0;0;1;0;
38877;1;0;0;0;
39141;0;1;0;0;
39355;0;0;1;0;
39551;0;1;0;0;
39717;0;0;1;0;
39854;0;0;0;1;
40049;0;0;1;0;
40186;0;0;0;1;
40342;1;0;0;0;
40576;0;0;0;1;
40723;0;0;1;0;
40947;1;0;0;0;
41094;0;0;0;1;
41260;0;0;1;0;
41455;0;1;0;0;
41621;1;0;0;0;
41797;0;0;0;1;
41953;0;0;1;0;
42129;1;0;0;0;
42227;0;0;0;1;
42393;0;1;0;0;
42578;1;0;0;0;
42725;0;0;0;1;
42861;1;0;0;0;
42988;0;0;0;1;
43057;0;0;1;0;
43281;0;1;0;0;
43428;1;0;0;0;
43740;0;0;0;1;
43896;1;0;0;0;
44053;0;0;0;1;
44238;0;0;1;0;
44443;1;0;0;0;
44541;0;0;0;1;
44727;1;0;0;0;
44863;0;0;0;1;
45020;1;0;0;0;
45156;0;1;0;0;
45352;0;1;0;0;
45547;0;0;1;0;
45693;0;1;0;0;
45879;0;0;1;0;
46016;1;0;0;0;
46162;0;0;0;1;
46318;0;0;1;0;
46484;0;0;0;1;
46709;1;0;0;0;
46924;0;0;0;1;
47119;0;0;0;1;
47305;1;0;0;0;
47539;0;0;0;1;
47734;1;0;0;0;
47891;0;0;0;1;
48164;0;0;1;0;
48350;0;1;0;0;
48584;1;0;0;0;
48818;0;0;0;1;
49141;0;0;1;0;
49307;0;1;0;0;
49482;0;0;1;0;
49658;0;1;0;0;
49805;0;0;0;1;
49922;0;0;1;0;
50039;0;0;0;1;
50371;1;0;0;0;
50586;0;0;0;1;
50742;0;0;1;0;
50928;0;1;0;0;
51123;1;0;0;0;
51328;0;0;0;1;
51475;0;0;1;0;
51650;0;0;0;1;
51787;1;0;0;0;
51875;0;1;0;0;
52236;0;0;1;0;
52334;0;0;0;1;
52520;1;0;0;0;
52646;0;0;0;1;
52998;0;1;0;0;
53154;1;0;0;0;
53320;0;0;0;1;
53457;0;0;1;0;
53770;0;1;0;0;
54219;1;0;0;0;
54404;0;0;0;1;
54541;0;0;1;0;
54727;0;1;0;0;
54902;1;0;0;0;
55039;0;0;0;1;
55312;0;0;1;0;
55498;0;1;0;0;
55684;1;0;0;0;
55859;0;0;0;1;
56016;0;0;1;0;
56191;0;1;0;0;
56357;1;0;0;0;
56494;0;0;0;1;
56650;0;0;1;0;
56826;0;1;0;0;
56992;0;1;0;0;
57158;0;1;0;0;
57266;1;0;0;0;
57510;0;0;1;0;
57754;0;1;0;0;
57939;0;1;0;0;
58086;0;1;0;0;
58281;1;0;0;0;
58389;0;0;0;1;
58564;0;0;1;0;
58730;0;1;0;0;
58916;0;1;0;0;
59053;1;0;0;0;
59268;0;0;0;1;
59365;0;0;1;0;
59561;0;1;0;0;
59736;1;0;0;0;
59883;0;0;0;1;
60088;0;0;1;0;
60283;0;0;0;1;
60400;1;0;0;0;
60723;0;0;0;1;
60762;0;0;1;0;
61045;0;1;0;0;
61367;1;0;0;0;
61738;0;0;0;1;
62187;0;0;1;0;
62529;1;0;0;0;
68555;0;0;0;1;
68721;0;0;1;0;
68867;1;0;0;0;
69033;0;0;0;1;
69189;0;0;1;0;
69365;0;1;0;0;
69521;1;0;0;0;
69629;0;0;0;1;
69766;0;0;1;0;
69961;0;1;0;0;
70127;1;0;0;0;
70215;0;0;0;1;
70381;0;0;1;0;
70566;0;1;0;0;
70713;1;0;0;0;
70850;0;0;0;1;
71006;0;0;1;0;
71211;0;1;0;0;
71484;1;0;0;0;
71572;0;0;0;1;
71709;0;0;1;0;
71895;0;1;0;0;
72178;1;0;0;0;
72334;0;0;0;1;
72471;0;0;1;0;
72637;0;1;0;0;
72783;1;0;0;0;
72998;0;0;0;1;
73115;0;0;1;0;
73330;0;1;0;0;
73477;1;0;0;0;
73623;1;0;0;0;
73779;0;0;0;1;
73906;0;0;1;0;
74258;0;1;0;0;
74443;1;0;0;0;
74580;0;0;0;1;
74746;0;0;1;0;
74951;0;1;0;0;
75312;1;0;0;0;
75420;0;0;0;1;
75576;0;0;1;0;
75771;0;1;0;0;
75947;1;0;0;0;
76104;0;0;0;1;
76279;0;0;1;0;
76436;0;1;0;0;
76611;1;0;0;0;
76924;0;0;0;1;
77051;0;0;1;0;
77246;0;1;0;0;
77607;1;0;0;0;
77734;0;0;0;1;
77910;0;0;1;0;
78086;0;1;0;0;
78369;1;0;0;0;
78525;0;0;0;1;
78701;0;0;1;0;
78916;0;1;0;0;
79062;0;0;1;0;
79209;0;1;0;0;
79395;0;0;1;0;
79521;0;1;0;0;
79844;1;0;0;0;
80137;0;0;0;1;
80273;0;0;1;0;
80664;0;1;0;0;
80684;1;0;0;0;
81006;0;0;0;1;
81357;1;0;0;0;
81797;0;0;0;1;
81895;0;0;1;0;
82187;0;1;0;0;
82217;1;0;0;0;
82324;1;0;0;0;
82920;0;0;0;1;
83018;0;0;1;0;
83506;1;0;0;0;
83584;0;0;1;0;
84238;0;0;0;1;
84287;0;0;1;0;
84687;1;0;0;0;
84766;0;0;1;0;
85215;0;0;0;1;
85234;0;0;1;0;
87217;0;1;1;1;
87734;1;0;0;0;
88311;0;1;0;0;
88828;0;0;0;1;
89043;1;0;0;0;
89199;0;0;1;0;
89590;0;1;0;0;
89697;0;0;0;1;
90312;1;0;0;0;
90361;0;0;1;0;
90830;0;0;0;1;
90840;0;1;0;0;
91270;1;0;0;0;
93115;0;0;0;1;
93311;0;0;1;0;
93457;1;0;0;0;
93770;0;1;0;0;
93916;0;0;0;1;
94033;0;0;1;0;
94316;1;0;0;0;
94521;0;0;0;1;
94668;0;0;1;0;
95811;0;1;0;0;
96006;0;1;0;0;
96182;1;0;0;0;
96367;0;0;1;0;
96621;0;0;0;1;
96855;1;0;0;0;
96992;0;0;0;1;
97178;0;0;1;0;
97354;0;1;0;0;
97559;0;0;1;0;
97715;0;1;0;0;
97881;0;0;1;0;
98037;0;0;0;1;
98838;1;0;0;0;
99062;0;0;0;1;
99219;0;0;1;0;
99414;0;1;0;0;
99541;1;0;0;0;
99707;0;0;0;1;
99863;0;0;1;0;
100049;0;1;0;0;
100215;1;0;0;0;
100391;0;0;0;1;
100547;0;0;1;0;
100723;0;1;0;0;
100879;1;0;0;0;
101074;0;0;0;1;
101494;1;0;0;0;
101797;0;0;0;1;
102402;0;0;1;0;
102588;0;0;0;1;
102783;1;0;0;0;
103066;0;0;1;0;
103232;0;1;0;0;
103428;0;0;1;0;
103594;0;1;0;0;
103770;1;0;0;0;
103906;0;0;0;1;
104541;0;0;1;0;
104863;0;0;0;1;
105244;1;0;0;0;
105283;0;0;1;0;
105996;0;0;0;1;
106230;0;0;1;0;
106436;0;1;0;0;
106572;1;0;0;0;
106973;0;0;1;0;
107139;0;0;0;1;
107285;1;0;0;0;
107646;0;0;1;0;
107861;0;1;0;0;
108047;1;0;0;0;
108398;0;0;0;1;
108545;0;0;1;0;
108730;0;1;0;0;
108887;1;0;0;0;
109180;0;0;0;1;
109268;0;0;1;0;
109473;0;1;0;0;
109590;1;0;0;0;
109756;0;0;0;1;
109863;0;0;1;0;
110059;0;1;0;0;
110215;1;0;0;0;
110371;0;0;0;1;
110527;0;0;1;0;
110693;0;1;0;0;
110859;1;0;0;0;
110986;0;0;0;1;
111094;1;0;0;0;
111211;0;0;0;1;
111328;1;0;0;0;
111494;0;0;1;0;
111670;0;1;0;0;
111914;1;0;0;0;
112197;0;0;0;1;
112402;0;0;1;0;
112578;0;1;0;0;
113086;1;0;0;0;
113271;0;0;0;1;
113398;0;0;1;0;
113584;0;1;0;0;
113730;1;0;0;0;
113857;0;0;0;1;
113994;0;0;1;0;
114189;0;1;0;0;
114521;1;0;0;0;
114727;0;0;0;1;
114902;0;0;1;0;
115088;0;1;0;0;
115254;0;0;1;0;
115391;0;1;0;0;
115557;0;0;1;0;
115752;0;1;1;0;
115967;0;1;0;0;
116074;1;0;0;0;
116299;0;0;0;1;
116484;0;0;1;0;
116650;0;0;1;0;
116855;0;0;1;0;
117021;0;0;1;0;
117187;1;0;0;0;
117598;0;0;0;1;
117783;0;0;0;1;
118291;1;0;0;0;
118613;0;0;0;1;
118770;0;0;1;0;
118994;1;0;0;0;
119199;0;0;0;1;
119482;1;0;0;0;
119639;0;0;0;1;
119805;0;0;1;0;
119990;0;1;0;0;
120156;0;1;0;0;
120303;0;1;0;0;
120498;1;0;0;0;
120693;0;0;1;0;
120947;0;0;0;1;
121133;0;0;1;0;
121357;1;0;0;0;
121465;0;0;0;1;
121680;0;0;1;0;
121865;0;1;0;0;
122070;0;0;1;0;
122266;0;1;0;0;
122432;0;0;1;0;
122617;1;0;0;0;
122744;0;0;0;1;
122939;0;0;1;0;
123135;0;1;0;0;
123291;0;1;0;0;
123467;0;1;0;0;
123604;1;0;0;0;
123750;0;0;0;1;
123877;0;0;1;0;
124102;0;1;0;0;
124258;0;1;0;0;
124463;1;0;0;0;
124678;0;0;0;1;
124746;0;0;1;0;
124941;0;1;0;0;
125146;0;1;0;0;
125293;0;1;0;0;
125430;0;0;0;1;
125625;0;0;0;1;
125791;0;0;0;1;
125986;0;0;1;0;
126152;0;0;1;0;
126367;1;0;0;0;
126543;0;0;0;1;
126748;1;0;0;0;
126875;0;0;0;1;
127041;1;0;0;0;
127187;0;0;0;1;
127266;0;0;1;0;
127432;0;0;0;1;
127559;0;0;1;0;
127676;0;0;0;1;
127842;0;1;0;0;
128066;1;0;0;0;
128232;0;0;0;1;
128359;0;0;1;0;
128545;1;0;0;0;
128730;0;0;0;1;
128857;0;0;1;0;
129043;0;0;0;1;
129199;1;0;0;0;
129326;0;0;0;1;
129395;0;0;1;0;
129551;1;0;0;0;
129844;0;1;0;0;
130195;0;0;0;1;
130508;1;0;0;0;
130635;0;0;0;1;
130771;0;0;1;0;
130977;0;1;0;0;
131104;1;0;0;0;
131260;0;0;0;1;
131367;0;0;1;0;
131494;0;0;1;0;
131641;0;1;0;0;
131865;1;0;0;0;
132080;0;0;0;1;
132217;0;0;1;0;
132422;0;1;0;0;
132607;0;1;0;0;
132764;0;1;0;0;
132939;0;1;0;0;
133096;1;0;0;0;
133193;0;0;0;1;
133311;0;0;1;0;
133486;0;1;0;0;
133662;1;0;0;0;
133828;0;0;0;1;
134004;0;0;1;0;
134189;0;1;0;0;
134219;1;0;0;0;
134482;0;0;0;1;
134619;0;1;0;0;
134834;1;0;0;0;
135029;0;0;0;1;
135234;0;1;0;0;
135449;0;1;0;0;
135605;1;0;0;0;
135801;0;0;0;1;
135879;0;0;1;0;
136113;0;1;0;0;
136426;1;0;0;0;
136719;0;0;0;1;
136953;0;1;0;0;
137119;1;0;0;0;
137295;0;0;0;1;
137422;0;0;1;0;
137598;0;0;0;1;
137783;1;0;0;0;
137979;0;0;0;1;
138145;1;0;0;0;
138359;0;0;1;0;
138545;0;1;0;0;
138701;0;1;0;0;
138887;0;1;0;0;
139053;0;0;0;1;
139180;0;0;1;0;
139365;1;0;0;0;
139648;0;0;0;1;
139756;0;0;0;1;
139893;0;0;0;1;
140078;1;0;0;0;
140254;0;0;0;1;
140381;0;0;1;0;
140566;0;1;0;0;
140752;0;1;0;0;
140918;0;1;0;0;
140928;1;0;0;0;
141162;0;0;0;1;
141406;0;0;1;0;
141631;1;0;0;0;
141875;0;0;0;1;
142187;1;0;0;0;
142559;0;1;0;0;
142920;0;0;0;1;
143223;1;0;0;0;
143662;0;0;0;1;
143672;0;1;0;0;
144043;1;0;0;0;
144385;0;0;0;1;
