5735;0;0;0;1;
6625;0;0;0;1;
7531;1;0;0;0;
8453;1;0;0;0;
9422;0;0;1;0;
10313;0;0;1;0;
11266;0;0;0;1;
12203;0;0;0;1;
13188;1;0;0;0;
13625;1;0;0;0;
14110;0;1;0;0;
14547;0;1;0;0;
15031;0;0;1;0;
15547;0;0;1;0;
16016;0;0;0;1;
16485;0;0;0;1;
16844;1;0;0;0;
17328;1;0;0;0;
17813;0;0;0;1;
18344;0;0;0;1;
18750;0;1;0;0;
19281;0;1;0;0;
19766;1;0;0;0;
20250;1;0;0;0;
20750;0;0;0;1;
21610;0;0;0;1;
22547;0;0;0;1;
23469;0;0;0;1;
24391;1;0;0;0;
24860;0;0;1;0;
25266;1;0;0;0;
25735;0;0;0;1;
26250;0;0;0;1;
26735;0;0;0;1;
27250;0;0;0;1;
27688;1;0;0;0;
28188;0;1;0;0;
28641;0;1;0;0;
29125;1;0;0;0;
29563;1;0;0;0;
30063;0;0;0;1;
30547;0;0;0;1;
31016;0;0;1;0;
31453;0;0;1;0;
31875;1;0;0;0;
32360;1;0;0;0;
32844;0;0;0;1;
33328;0;0;0;1;
33781;1;0;0;0;
34219;1;0;0;0;
34719;0;0;1;0;
35172;0;0;1;0;
35703;0;1;0;0;
36141;0;1;0;0;
36625;0;0;0;1;
37110;0;0;0;1;
37563;0;1;0;0;
38047;0;1;0;0;
38531;1;0;0;0;
39000;1;0;0;0;
39453;0;0;1;0;
39922;0;0;1;0;
40375;0;0;0;1;
40875;0;0;0;1;
41328;0;1;0;0;
41797;0;1;0;0;
42281;1;0;0;0;
42766;1;0;0;0;
43235;0;0;0;1;
43703;0;0;0;1;
44094;0;1;0;0;
44625;0;1;0;0;
45094;1;0;0;0;
45563;1;0;0;0;
46031;0;0;1;0;
46516;0;0;1;0;
46985;1;0;0;0;
47453;1;0;0;0;
47938;0;1;0;0;
48422;0;1;0;0;
48891;0;0;1;0;
49360;0;0;1;0;
49781;0;0;0;1;
50250;0;0;0;1;
50703;1;0;0;0;
51610;1;0;0;0;
52547;1;0;0;0;
53500;1;0;0;0;
54422;0;0;0;1;
54906;0;0;0;1;
55406;0;0;0;1;
55875;0;0;0;1;
56344;1;0;0;0;
56797;0;1;0;0;
57281;0;0;1;0;
58188;0;0;0;1;
58703;0;0;0;1;
59156;0;0;0;1;
59641;0;0;0;1;
60125;0;0;1;0;
60547;0;1;0;0;
61016;1;0;0;0;
61985;0;0;0;1;
62438;0;0;0;1;
62922;0;0;0;1;
63844;0;0;0;1;
64297;0;0;0;1;
64766;0;0;0;1;
65688;0;0;0;1;
66172;0;0;0;1;
66672;0;0;0;1;
67578;1;0;0;0;
68047;0;1;0;0;
68531;0;0;1;0;
69000;0;0;0;1;
69469;1;0;0;0;
69938;1;0;0;0;
70406;1;0;0;0;
70875;1;0;0;0;
71375;0;1;0;0;
71813;0;0;1;0;
72281;0;0;0;1;
73219;1;0;0;0;
73688;1;0;0;0;
74156;1;0;0;0;
74610;1;0;0;0;
75110;0;1;0;0;
75547;0;0;1;0;
76016;0;0;0;1;
76500;0;1;0;0;
77000;0;0;0;1;
77485;0;0;0;1;
77906;0;0;0;1;
78360;0;0;0;1;
78797;0;0;1;0;
79297;0;1;0;0;
79781;1;0;0;0;
80313;0;1;0;0;
80735;0;0;0;1;
81219;0;0;0;1;
81672;0;0;0;1;
82110;0;0;0;1;
82578;1;0;0;0;
83063;0;1;0;0;
83516;0;0;1;0;
84000;0;0;0;1;
84453;1;0;0;0;
84938;1;0;0;0;
85375;1;0;0;0;
85860;1;0;0;0;
86344;0;1;0;0;
86828;0;0;1;0;
87250;0;0;0;1;
87719;1;0;0;0;
88219;0;0;0;1;
88688;0;0;1;0;
89141;0;0;1;0;
89625;0;0;1;0;
90110;0;1;0;0;
90547;1;0;0;0;
91000;0;1;0;0;
91516;0;0;1;0;
91985;1;0;0;0;
92438;1;0;0;0;
92891;1;0;0;0;
93360;1;0;0;0;
93875;0;0;0;1;
94328;0;0;0;1;
94766;0;1;0;0;
95250;0;0;1;0;
95735;1;0;0;0;
96172;1;0;0;0;
96656;0;0;0;1;
97110;0;0;0;1;
97594;0;1;0;0;
98094;0;0;1;0;
98547;1;0;0;0;
99000;0;0;0;1;
99516;0;1;0;0;
100422;0;1;0;0;
101313;0;1;0;0;
102235;0;1;0;0;
104125;0;0;0;1;
105110;0;0;0;1;
106063;0;0;0;1;
106969;1;0;0;0;
107906;1;0;0;0;
108891;0;1;0;0;
109781;0;1;0;0;
110719;0;0;1;0;
111625;0;0;1;0;
112547;0;0;0;1;
113438;0;0;0;1;
114422;1;0;0;0;
114875;1;0;0;0;
115391;1;0;0;0;
115860;1;0;0;0;
116297;0;1;0;0;
116750;0;1;0;0;
117203;0;1;0;0;
117625;0;0;1;0;
118063;0;0;0;1;
118735;0;0;0;1;
119406;1;0;0;0;
120172;1;0;0;0;
120922;0;1;0;0;
121313;0;0;1;0;
121688;0;1;0;0;
122047;0;0;1;0;
122453;1;0;0;0;
122813;1;0;0;0;
123203;0;0;0;1;
123578;0;0;0;1;
123953;0;1;0;0;
124672;0;1;0;0;
125406;0;0;0;1;
126203;0;0;0;1;
126953;0;0;1;0;
127297;0;0;1;0;
127672;0;1;0;0;
128063;0;1;0;0;
128485;1;0;0;0;
128844;1;0;0;0;
129235;1;0;0;0;
129610;1;0;0;0;
129953;0;0;0;1;
130672;0;0;0;1;
131422;0;0;0;1;
132219;0;0;0;1;
132906;0;1;0;0;
133672;0;1;0;0;
134453;1;0;0;0;
135188;1;0;0;0;
135891;0;0;1;0;
136656;0;0;1;0;
137453;0;0;0;1;
138203;0;0;0;1;
138906;0;0;1;0;
139656;0;0;1;0;
140422;0;1;0;0;
141141;0;1;0;0;
141875;1;0;0;0;
142641;1;0;0;0;
143438;0;1;0;0;
144156;0;1;0;0;
144922;0;0;0;1;
145688;0;0;0;1;
146438;0;0;1;0;
147172;0;0;1;0;
147922;0;1;0;0;
148625;0;1;0;0;
149422;1;0;0;0;
150203;1;0;0;0;
150969;0;1;0;0;
151735;1;0;0;0;
152469;0;0;1;0;
153156;0;0;1;0;
153922;0;0;0;1;
154641;0;0;0;1;
155953;0;0;0;1;
157953;0;0;0;1;
