3574;1;0;0;0;
4014;0;0;0;1;
4541;1;0;0;0;
4932;0;0;0;1;
5508;0;0;0;1;
5674;1;0;0;0;
5801;0;0;0;1;
5987;0;0;1;0;
6260;0;1;0;0;
6406;1;0;0;0;
6533;0;0;0;1;
6670;0;0;1;0;
6865;0;1;0;0;
7246;1;0;0;0;
7393;0;0;0;1;
7500;0;0;1;0;
7666;0;1;0;0;
7852;1;0;0;0;
7969;0;0;0;1;
8135;0;0;1;0;
8291;0;1;0;0;
8457;1;0;0;0;
8555;0;0;0;1;
8711;0;0;1;0;
9004;1;0;0;0;
9180;0;0;0;1;
9307;1;0;0;0;
9424;0;0;0;1;
9541;0;0;1;0;
9688;0;1;0;0;
9844;1;0;0;0;
9922;0;0;0;1;
10069;0;0;1;0;
10215;0;1;0;0;
10391;1;0;0;0;
10440;0;0;0;1;
10567;0;0;1;0;
10860;1;0;0;0;
10967;0;0;0;1;
11123;0;0;1;0;
11309;0;1;0;0;
11465;1;0;0;0;
11563;0;0;0;1;
11680;0;0;1;0;
11846;0;1;0;0;
11944;1;0;0;0;
12061;0;0;0;1;
12227;0;0;1;0;
12324;0;1;0;0;
12627;1;0;0;0;
12735;0;0;0;1;
12881;0;0;1;0;
13037;0;1;0;0;
13184;1;0;0;0;
13281;0;0;0;1;
13447;0;0;1;0;
13623;1;0;0;0;
13779;0;0;0;1;
13936;0;0;1;0;
14053;0;0;0;1;
14404;1;0;0;0;
14522;0;0;0;1;
14639;0;0;1;0;
14785;0;0;0;1;
14883;0;1;0;0;
15039;1;0;0;0;
15205;0;0;0;1;
15332;1;0;0;0;
15440;0;0;0;1;
15567;0;0;1;0;
15742;0;1;0;0;
15928;1;0;0;0;
16279;0;0;0;1;
16338;0;0;1;0;
16553;0;0;0;1;
16680;1;0;0;0;
16826;0;0;0;1;
17022;0;0;1;0;
17227;1;0;0;0;
17510;1;0;0;0;
17793;0;0;0;1;
17998;0;0;1;0;
18174;1;0;0;0;
18320;0;0;0;1;
18506;0;0;1;0;
18692;0;1;0;0;
18858;1;0;0;0;
19024;0;0;0;1;
19160;0;0;1;0;
19365;0;1;0;0;
19600;0;1;0;0;
19863;1;0;0;0;
19981;0;0;0;1;
20137;0;0;1;0;
20352;0;1;0;0;
20508;0;1;0;0;
20694;1;0;0;0;
20840;0;0;0;1;
20938;0;0;1;0;
21143;0;0;0;1;
21299;1;0;0;0;
21377;0;0;0;1;
21533;0;0;1;0;
21778;0;1;0;0;
21865;0;0;0;1;
22178;1;0;0;0;
22539;0;0;1;0;
22705;0;0;0;1;
23106;1;0;0;0;
23154;0;0;1;0;
23584;0;0;0;1;
23623;0;1;0;0;
23926;0;0;1;0;
24082;1;0;0;0;
24199;0;0;0;1;
24395;0;0;1;0;
24600;0;1;0;0;
24766;1;0;0;0;
24961;0;0;0;1;
25059;0;0;1;0;
25391;0;1;0;0;
25537;1;0;0;0;
25752;0;0;0;1;
25928;0;0;1;0;
26162;1;0;0;0;
26377;0;0;0;1;
26563;0;0;1;0;
26778;0;0;1;0;
27129;0;0;0;1;
27305;1;0;0;0;
27490;0;0;1;0;
27705;0;1;0;0;
27852;0;0;1;0;
28008;0;1;0;0;
28154;0;0;0;1;
28291;0;0;1;0;
28408;0;0;0;1;
28545;1;0;0;0;
28975;0;0;0;1;
29102;0;0;1;0;
29287;1;0;0;0;
29473;0;0;1;0;
29688;0;0;0;1;
29903;0;0;1;0;
30127;1;0;0;0;
30342;0;0;0;1;
30762;1;0;0;0;
30938;0;0;1;0;
31133;0;1;0;0;
31182;0;0;0;1;
31367;1;0;0;0;
31543;0;0;0;1;
31612;0;0;1;0;
31826;0;1;0;0;
32031;1;0;0;0;
32237;0;0;0;1;
32598;0;0;0;1;
32783;0;0;1;0;
32910;0;0;0;1;
33096;0;0;1;0;
33233;0;0;0;1;
33447;1;0;0;0;
33623;0;1;1;0;
33867;0;1;0;0;
34063;0;0;0;1;
34483;1;0;0;0;
34707;0;1;0;0;
34873;0;0;0;1;
35020;1;0;0;0;
35235;0;0;0;1;
35410;0;0;1;0;
35576;0;1;0;0;
35733;1;0;0;0;
35830;0;0;0;1;
36299;0;0;1;0;
36504;0;0;0;1;
36660;1;0;0;0;
36797;0;0;0;1;
36914;0;0;1;0;
37119;0;1;0;0;
37266;0;0;1;0;
37432;1;0;0;0;
37588;0;0;0;1;
37725;0;0;1;0;
38106;0;1;0;0;
38233;1;0;0;0;
38330;0;0;0;1;
38526;0;0;1;0;
38711;0;1;0;0;
38936;0;0;1;0;
39112;0;1;0;0;
39326;0;0;0;1;
39512;1;0;0;0;
39629;0;0;0;1;
39834;0;0;1;0;
40039;0;1;0;0;
40186;1;0;0;0;
40332;0;0;0;1;
40537;0;0;0;1;
40645;1;0;0;0;
40772;0;0;0;1;
40879;1;0;0;0;
41006;0;0;0;1;
41133;0;0;1;0;
41338;0;1;0;0;
41504;1;0;0;0;
41748;0;0;0;1;
41875;0;0;1;0;
42061;0;1;0;0;
42256;1;0;0;0;
42354;0;0;0;1;
42490;0;0;1;0;
42715;0;1;0;0;
42852;1;0;0;0;
42979;0;0;0;1;
43086;0;0;1;0;
43281;0;1;0;0;
43487;1;0;0;0;
43643;0;0;0;1;
43799;0;0;1;0;
43994;0;1;0;0;
44180;1;0;0;0;
44278;0;0;0;1;
44424;0;0;1;0;
44610;0;1;0;0;
44805;0;1;0;0;
44932;0;1;0;0;
45108;0;0;1;0;
45322;1;0;0;0;
45518;0;0;0;1;
45625;0;0;1;0;
45860;0;0;1;0;
46006;0;0;1;0;
46182;1;0;0;0;
46309;0;0;0;1;
46504;0;0;1;0;
46729;0;1;0;0;
46846;0;0;0;1;
47002;1;0;0;0;
47139;0;0;0;1;
47324;0;1;0;0;
47500;0;1;0;0;
47705;0;1;0;0;
47871;1;0;0;0;
48018;0;0;0;1;
48154;0;0;1;0;
48340;0;1;0;0;
48555;1;0;0;0;
48740;0;0;0;1;
48887;0;0;1;0;
49102;0;1;0;0;
49278;1;0;0;0;
49385;0;0;0;1;
49512;0;0;1;0;
49737;0;1;0;0;
49922;1;0;0;0;
50029;0;0;0;1;
50186;0;0;1;0;
50371;0;1;0;0;
50625;1;0;0;0;
50791;0;0;0;1;
50938;0;0;1;0;
51153;0;1;0;0;
51319;1;0;0;0;
51426;0;0;0;1;
51592;0;0;1;0;
51768;0;1;0;0;
51973;1;0;0;0;
52207;0;0;0;1;
52373;0;0;1;0;
52608;0;1;0;0;
52803;1;0;0;0;
53145;0;0;0;1;
53565;1;0;0;0;
53740;0;0;0;1;
54102;1;0;0;0;
54238;0;0;0;1;
54463;0;0;1;0;
54649;0;1;0;0;
54795;1;0;0;0;
54922;0;0;0;1;
55078;0;0;1;0;
55283;0;1;0;0;
55772;1;0;0;0;
56260;0;0;0;1;
56406;0;0;1;0;
56592;0;1;0;0;
56758;1;0;0;0;
56856;0;0;0;1;
57022;0;0;1;0;
57188;0;1;0;0;
57324;0;0;1;0;
57520;0;0;0;1;
57656;1;0;0;0;
57852;0;0;1;0;
58106;0;1;0;0;
58213;0;0;1;0;
58389;0;1;0;0;
58516;1;0;0;0;
58643;0;0;0;1;
58770;0;0;1;0;
58926;0;1;0;0;
59082;1;0;0;0;
59483;0;0;0;1;
59893;1;0;0;0;
60059;0;0;0;1;
60195;0;0;1;0;
60391;0;1;0;0;
60508;1;0;0;0;
60723;0;0;0;1;
60820;0;0;1;0;
61035;0;1;0;0;
61182;1;0;0;0;
61299;0;0;0;1;
61455;0;0;1;0;
61651;0;1;0;0;
61826;1;0;0;0;
61992;1;0;0;0;
62178;1;0;0;0;
62344;0;0;0;1;
62510;0;0;1;0;
63350;1;0;0;0;
63496;0;0;0;1;
63643;0;0;1;0;
63819;0;1;0;0;
63975;1;0;0;0;
64092;0;0;0;1;
64229;0;0;1;0;
64424;0;1;0;0;
64570;0;0;1;0;
64883;0;1;0;0;
65088;1;0;0;0;
65225;0;0;0;1;
65362;0;0;1;0;
65528;0;1;0;0;
65684;1;0;0;0;
65791;0;0;0;1;
65987;0;1;1;0;
66143;0;0;1;0;
66279;1;0;0;0;
67129;0;1;0;1;
67529;1;0;0;0;
67617;0;0;1;0;
67695;0;0;0;1;
67803;0;0;0;1;
67979;0;1;0;0;
68145;1;0;0;0;
68301;0;0;0;1;
68457;0;0;1;0;
68604;0;1;0;0;
68916;1;0;0;0;
69004;0;0;0;1;
69160;0;0;1;0;
69365;1;0;0;0;
69463;0;0;0;1;
69815;0;0;1;0;
70000;0;1;0;0;
70186;0;0;0;1;
70391;1;0;0;0;
70801;0;0;0;1;
70977;1;0;0;0;
71123;0;0;0;1;
71309;0;0;1;0;
71494;0;1;0;0;
71651;1;0;0;0;
71738;0;0;0;1;
71914;0;0;1;0;
72080;0;1;0;0;
72188;1;0;0;0;
72305;0;0;0;1;
72637;0;0;1;0;
72832;0;1;0;0;
72988;0;0;0;1;
73135;1;0;0;0;
73233;0;0;0;1;
73389;0;0;1;0;
73584;0;1;0;0;
73731;0;1;0;0;
73887;0;1;0;0;
74063;1;0;0;0;
74170;0;0;0;1;
74346;0;0;1;0;
74570;0;1;0;0;
74697;0;1;0;0;
74844;0;1;0;0;
75000;1;0;0;0;
75108;0;0;0;1;
75254;0;0;1;0;
75420;0;1;0;0;
75596;0;1;0;0;
75762;1;0;0;0;
75879;0;0;0;1;
75996;0;0;1;0;
76182;0;1;0;0;
76367;0;1;0;0;
76533;1;0;0;0;
76670;0;0;0;1;
76778;0;0;1;0;
76895;0;0;1;0;
77041;0;0;1;0;
77227;0;0;0;1;
77393;1;0;0;0;
77520;0;0;0;1;
77725;1;0;0;0;
78125;0;0;0;1;
78262;0;0;1;0;
78418;0;1;0;0;
78574;1;0;0;0;
78584;0;1;0;0;
78789;0;0;1;0;
78955;0;1;0;0;
79112;0;0;1;0;
79278;0;1;0;0;
79395;0;0;1;0;
79570;0;0;0;1;
79873;0;0;0;1;
80049;1;0;0;0;
80147;0;0;0;1;
80303;0;0;1;0;
80508;0;1;0;0;
80625;0;0;1;0;
80801;0;1;0;0;
80918;1;0;0;0;
81055;0;0;0;1;
81162;0;0;1;0;
81328;0;1;0;0;
81690;1;0;0;0;
81787;0;0;0;1;
81992;0;0;1;0;
82129;0;0;0;1;
82266;1;0;0;0;
82383;0;0;0;1;
82510;0;0;1;0;
82695;0;1;0;0;
82871;1;0;0;0;
83008;0;0;0;1;
83164;0;0;1;0;
83350;0;1;0;0;
83555;1;0;0;0;
83731;0;0;0;1;
83858;0;0;1;0;
84053;0;1;0;0;
84219;1;0;0;0;
84229;0;0;0;1;
84453;0;0;1;0;
84658;1;0;0;0;
84863;1;0;0;0;
85049;0;0;0;1;
85391;1;0;0;0;
85469;0;0;0;1;
85635;0;0;1;0;
85811;0;1;0;0;
85996;1;0;0;0;
86104;0;0;0;1;
86240;0;0;1;0;
86445;0;1;0;0;
86572;0;0;0;1;
86758;0;0;0;1;
86914;0;0;0;1;
87090;0;0;0;1;
87119;1;0;0;0;
87295;0;0;0;1;
87471;0;0;1;0;
87647;0;0;0;1;
87852;0;0;0;1;
87998;0;0;0;1;
88154;1;0;0;0;
88291;0;0;0;1;
88389;0;0;1;0;
88555;0;1;0;0;
88721;0;1;0;0;
88906;0;1;0;0;
89063;1;0;0;0;
89209;0;0;0;1;
89424;0;0;1;0;
89580;0;0;1;0;
89785;0;0;1;0;
90020;0;0;1;0;
90049;1;0;0;0;
90215;1;0;0;0;
90371;0;0;0;1;
90567;0;1;0;0;
90762;0;1;0;0;
90947;1;0;0;0;
91201;0;0;0;1;
91377;0;0;0;1;
91582;0;0;0;1;
91729;0;0;0;1;
91904;1;0;0;0;
92070;0;0;0;1;
92285;0;1;0;0;
92295;0;0;0;1;
92490;0;1;1;0;
92617;1;0;0;0;
92715;0;1;0;0;
92822;0;0;0;1;
92988;0;0;0;1;
93154;1;0;0;0;
93369;0;0;1;0;
93555;0;1;0;0;
93731;0;1;0;0;
93877;1;0;0;0;
94004;0;0;0;1;
94112;0;0;1;0;
94297;0;1;0;0;
94483;1;0;0;0;
94639;0;0;0;1;
94834;0;1;0;0;
95039;0;0;0;1;
95225;0;0;0;1;
95420;0;0;0;1;
95586;0;0;0;1;
95694;1;0;0;0;
95762;0;1;0;0;
95830;0;0;0;1;
95957;0;0;1;0;
96113;0;1;0;0;
96270;1;0;0;0;
96406;0;0;0;1;
96670;0;0;1;0;
96865;0;1;0;0;
97100;1;0;0;0;
97139;0;0;0;1;
97276;0;0;1;0;
97637;0;1;0;0;
97842;0;1;0;0;
97969;0;0;0;1;
98174;1;0;0;0;
98340;0;0;0;1;
98545;1;0;0;0;
98760;0;0;0;1;
98936;0;0;1;0;
99795;0;1;0;0;
100010;0;0;1;0;
100225;0;1;0;0;
100391;0;0;1;0;
100528;0;1;0;0;
100625;0;0;0;1;
100801;1;0;0;0;
100938;0;0;0;1;
100996;0;0;1;0;
101221;0;0;0;1;
101367;1;0;0;0;
101514;0;0;0;1;
101680;0;0;1;0;
101787;0;0;0;1;
102012;0;0;1;0;
102031;0;0;0;1;
102168;0;0;0;1;
102324;1;0;0;0;
102637;0;0;0;1;
102832;0;0;1;0;
103477;0;1;0;0;
103623;0;0;0;1;
103770;0;0;1;0;
103955;1;0;0;0;
104121;0;0;0;1;
104307;1;0;0;0;
104473;0;0;0;1;
104668;0;0;1;0;
104854;0;1;0;0;
105010;1;0;0;0;
105147;0;0;0;1;
105293;0;0;1;0;
105488;0;1;0;0;
105664;1;0;0;0;
105869;1;0;0;0;
106055;1;0;0;0;
106221;0;0;0;1;
106856;0;0;1;0;
107051;0;0;0;1;
107207;1;0;0;0;
107315;0;0;0;1;
107490;0;0;1;0;
107676;0;1;0;0;
107852;0;1;0;0;
108037;0;1;0;0;
108203;1;0;0;0;
108330;0;0;0;1;
108565;0;0;1;0;
108779;0;1;0;0;
108926;0;1;0;0;
109121;1;0;0;0;
109356;0;0;0;1;
109483;0;0;1;0;
109668;0;1;0;0;
109844;0;1;0;0;
110020;1;0;0;0;
110801;0;0;0;1;
111201;0;0;1;0;
111416;0;1;0;0;
111612;0;1;0;0;
111826;0;0;0;1;
111973;1;0;0;0;
112129;0;0;0;1;
112315;0;0;1;0;
112647;0;1;0;0;
112842;0;0;0;1;
112969;0;0;1;0;
113164;0;0;0;1;
113340;1;0;0;0;
113516;0;0;0;1;
113633;0;0;1;0;
113848;0;1;0;0;
114043;1;0;0;0;
114141;0;0;0;1;
114473;0;1;0;0;
114639;0;1;0;0;
114785;1;0;0;0;
114912;0;0;0;1;
115010;0;0;1;0;
115195;0;1;0;0;
115401;0;0;1;0;
115557;0;1;0;0;
115684;0;0;1;0;
115889;0;1;0;0;
116026;1;0;0;0;
116309;0;0;0;1;
116416;0;0;1;0;
116612;0;1;0;0;
116778;0;0;1;0;
116944;0;1;0;0;
117129;1;0;0;0;
117246;0;0;0;1;
117363;0;0;1;0;
117520;0;0;0;1;
117695;0;0;1;0;
117998;0;1;0;0;
118154;0;0;0;1;
118281;0;0;1;0;
118496;1;0;0;0;
118594;0;0;0;1;
118731;0;0;1;0;
118916;0;1;0;0;
119102;1;0;0;0;
119307;0;0;1;0;
119531;0;1;0;0;
119668;1;0;0;0;
119785;0;0;0;1;
120029;1;0;0;0;
120205;0;0;1;0;
120391;0;0;0;1;
120547;1;0;0;0;
120664;0;0;0;1;
120860;1;0;0;0;
120869;0;0;1;0;
121065;0;1;0;0;
121328;1;0;0;0;
121426;0;0;0;1;
121641;0;0;1;0;
121817;0;1;0;0;
122002;1;0;0;0;
122100;0;0;0;1;
122256;0;0;1;0;
122422;0;0;0;1;
122510;0;1;0;0;
122686;0;1;0;0;
122705;1;0;0;0;
122901;1;0;0;0;
123037;0;0;0;1;
123242;0;0;1;0;
123662;1;0;0;0;
123789;0;1;0;0;
124141;0;0;0;1;
124522;0;0;1;0;
124541;0;0;0;1;
124903;1;0;0;0;
125322;0;0;0;1;
125537;0;0;1;0;
125723;1;0;0;0;
125879;0;0;0;1;
126084;0;0;1;0;
126289;0;1;0;0;
126465;1;0;0;0;
126602;0;0;0;1;
126758;0;0;1;0;
126983;0;1;0;0;
127207;1;0;0;0;
127490;1;0;0;0;
127676;1;0;0;0;
127940;0;0;0;1;
128076;0;0;1;0;
128291;0;1;0;0;
128438;1;0;0;0;
128584;0;0;0;1;
128770;1;0;0;0;
128858;0;0;0;1;
129053;1;0;0;0;
129170;0;0;0;1;
129336;0;0;1;0;
129570;0;1;0;0;
129727;1;0;0;0;
129863;0;0;0;1;
130069;0;0;1;0;
130274;0;0;1;0;
130440;0;0;1;0;
130625;1;0;0;0;
130752;0;0;0;1;
130908;0;0;1;0;
131133;0;1;0;0;
131319;0;1;0;0;
131465;0;1;0;0;
131631;0;1;0;0;
131846;1;0;0;0;
132002;0;0;0;1;
132158;0;0;1;0;
132324;0;0;1;0;
132656;0;0;1;0;
132842;0;0;1;0;
133047;0;0;1;0;
133242;1;0;0;0;
133438;1;0;0;0;
133545;0;0;0;1;
133750;0;0;1;0;
133916;0;1;0;0;
134121;0;1;0;0;
134297;0;1;0;0;
134483;1;0;0;0;
134580;0;0;0;1;
134717;0;0;1;0;
134883;0;0;1;0;
135088;0;0;1;0;
135264;0;0;1;0;
135430;1;0;0;0;
135557;0;0;0;1;
135733;0;0;1;0;
135889;0;0;1;0;
136250;0;0;1;0;
136436;0;0;1;0;
136621;0;0;1;0;
136787;0;0;1;0;
136973;1;0;0;0;
137080;0;0;0;1;
137246;0;0;1;0;
137442;0;1;0;0;
137617;0;1;0;0;
137754;0;1;0;0;
138115;1;0;0;0;
138545;0;0;0;1;
139033;0;0;1;0;
139522;0;1;0;0;
