15;0;0;1;0;
1656;0;0;0;1;
1812;0;0;0;1;
1969;0;0;0;1;
2172;0;0;1;0;
2344;0;1;0;0;
2500;0;1;0;0;
2640;1;0;0;0;
2750;0;0;0;1;
2828;1;0;0;0;
2969;0;1;0;0;
3000;0;0;0;1;
3140;0;0;0;1;
3281;0;0;1;0;
3359;1;0;0;0;
3531;0;1;0;0;
3594;0;0;0;1;
3828;0;0;1;0;
4062;0;0;0;1;
4125;0;1;0;0;
4219;0;0;0;1;
4281;0;1;0;0;
4453;0;0;0;1;
4640;0;0;0;1;
4828;0;0;0;1;
4984;0;1;0;0;
5125;0;0;0;1;
5172;0;1;0;0;
5281;0;0;0;1;
5344;0;1;0;0;
5453;0;0;0;1;
5562;0;1;0;0;
5937;0;0;0;1;
6125;0;0;0;1;
6140;0;1;0;0;
6281;0;0;0;1;
6375;0;1;0;0;
6547;0;1;0;1;
6625;0;0;0;1;
6719;0;1;0;0;
6734;1;0;0;0;
6922;1;0;0;0;
7047;0;0;0;1;
7172;0;0;1;0;
7187;1;0;0;0;
7437;0;1;0;0;
7625;0;1;0;0;
7719;1;0;0;0;
7906;1;0;0;0;
8187;0;1;0;0;
8328;0;1;0;0;
8515;0;1;0;0;
8594;0;0;0;1;
8734;0;0;1;0;
8859;0;0;0;1;
9156;0;1;0;0;
9422;1;0;0;0;
9594;0;0;0;1;
9719;1;0;0;0;
9844;0;0;0;1;
10078;1;0;0;0;
10094;0;0;0;1;
10265;1;0;0;1;
10656;1;0;0;0;
10672;0;0;0;1;
10969;1;0;0;1;
11156;1;0;0;0;
11547;1;0;0;1;
11656;1;0;0;1;
11781;1;0;0;0;
11797;0;0;0;1;
11969;1;0;0;0;
11984;0;0;0;1;
12172;1;0;0;0;
12203;0;0;0;1;
12359;1;0;0;0;
12390;0;0;0;1;
12578;1;0;0;1;
12797;1;0;0;0;
12797;0;0;0;1;
12984;1;0;0;1;
13172;1;0;0;1;
13406;0;0;1;0;
13687;0;0;0;1;
13797;0;1;0;0;
14078;1;0;0;0;
14297;0;0;0;1;
14547;0;0;1;0;
14859;0;1;0;0;
15015;0;1;0;0;
15187;1;0;0;0;
15359;1;0;0;0;
15484;0;0;0;1;
15656;0;0;1;0;
15859;0;0;0;1;
15875;0;0;1;0;
16156;0;1;0;0;
16578;0;0;0;1;
16969;0;0;1;0;
17297;0;1;0;0;
17375;0;0;0;1;
17562;0;0;0;1;
17656;0;0;1;0;
17781;1;0;0;0;
18172;0;1;0;0;
18281;0;0;0;1;
18531;0;0;1;0;
18797;1;0;0;0;
19015;0;1;0;0;
19406;1;0;0;0;
19656;1;0;0;0;
19828;1;0;0;0;
19953;0;0;0;1;
20062;0;0;1;0;
20219;0;0;0;1;
20422;0;1;0;0;
20531;1;0;0;0;
20562;0;0;0;1;
20765;0;0;0;1;
20890;1;0;0;0;
20953;0;0;1;0;
21047;0;0;0;1;
21156;1;0;0;0;
21250;0;1;0;0;
21281;0;0;0;1;
21500;0;0;1;0;
21547;1;0;0;0;
21984;1;0;0;0;
22344;0;0;0;1;
22640;0;1;0;0;
22781;0;0;0;1;
23015;1;0;0;0;
23234;0;0;1;0;
23484;1;0;0;0;
23594;0;1;0;0;
23859;1;0;0;0;
24062;0;0;0;1;
24265;1;0;0;0;
24359;0;0;0;1;
24531;1;0;0;0;
24687;0;0;0;1;
24828;0;0;1;0;
25062;0;1;0;0;
25109;0;0;0;1;
25312;1;1;0;0;
25515;0;0;0;1;
25625;0;0;1;0;
25703;1;0;0;0;
25969;0;1;0;0;
26281;1;0;0;0;
26484;0;0;0;1;
26609;1;0;0;0;
26765;0;0;0;1;
26922;1;0;0;0;
27000;0;1;0;0;
27390;0;0;1;0;
27453;1;0;0;0;
27656;0;1;0;0;
27812;0;0;0;1;
28109;0;0;1;0;
28359;0;0;0;1;
28562;0;0;1;0;
28734;0;0;0;1;
28937;0;0;1;0;
29062;0;0;0;1;
29203;0;0;1;0;
29312;0;0;0;1;
29453;0;0;1;0;
29547;0;0;0;1;
29703;0;1;0;0;
29906;0;1;0;0;
30062;0;1;0;0;
30125;1;0;0;0;
30265;1;0;0;0;
30437;1;0;0;0;
30609;1;0;0;0;
30765;1;0;0;0;
30906;1;0;0;0;
31094;1;0;0;0;
31281;0;1;0;0;
31297;1;0;0;0;
31437;0;1;0;0;
31625;0;1;0;0;
31781;0;1;0;0;
31969;0;0;0;1;
32109;0;0;1;0;
32219;0;0;0;1;
32328;0;0;1;0;
32406;0;0;0;1;
32484;0;0;1;0;
32594;0;0;0;1;
32672;0;0;1;0;
32828;0;0;0;1;
32906;0;0;1;0;
33015;0;0;0;1;
33234;0;1;0;0;
33484;1;0;0;0;
33500;0;1;0;0;
33750;1;0;0;0;
33984;1;0;0;0;
34031;0;1;0;0;
34500;0;1;0;0;
34687;1;0;0;0;
35062;0;0;1;0;
35250;0;0;0;1;
35375;0;0;1;0;
35594;0;1;0;0;
35765;1;0;0;0;
35906;0;0;0;1;
36015;0;0;1;0;
36125;1;0;0;0;
36312;0;1;0;0;
36390;0;0;0;1;
36687;0;0;1;0;
36922;1;0;0;0;
37031;0;1;0;0;
37140;0;0;0;1;
37297;1;0;0;0;
37469;0;0;0;1;
37640;1;0;0;0;
37844;0;0;0;1;
38047;1;0;0;0;
38250;0;0;0;1;
38328;0;0;1;0;
38484;0;0;0;1;
38672;0;1;0;0;
38969;1;0;0;0;
39234;0;1;0;1;
39390;0;1;0;0;
39484;0;0;0;1;
39672;0;1;0;0;
39750;0;0;0;1;
39984;0;1;0;0;
40172;1;0;0;0;
40359;0;0;0;1;
40594;1;0;0;0;
40797;0;0;0;1;
40969;1;0;0;0;
41125;0;0;0;1;
41328;1;0;0;0;
41469;0;0;1;0;
41734;0;1;0;0;
42062;0;1;0;0;
42234;0;1;0;0;
42359;0;0;0;1;
42547;0;0;1;0;
42656;0;0;0;1;
42828;0;0;1;0;
42922;0;0;0;1;
43062;0;0;1;0;
43172;0;0;0;1;
43312;0;0;1;0;
43609;0;0;0;1;
43844;1;0;0;0;
44062;1;0;0;0;
44265;1;0;0;0;
44437;1;0;0;0;
44594;1;0;0;0;
44765;1;0;0;0;
44906;1;0;0;0;
45047;1;0;0;0;
45187;1;0;0;0;
45344;1;0;0;0;
45484;1;0;0;0;
45640;1;0;0;0;
45828;1;0;0;0;
45984;1;0;0;0;
46140;1;0;0;0;
46312;1;0;0;0;
46515;1;0;0;0;
46687;0;1;0;0;
46875;0;1;0;0;
47062;0;1;0;0;
47234;0;0;0;1;
47437;0;0;0;1;
47547;0;0;0;1;
47672;0;0;0;1;
47781;0;0;0;1;
47906;0;0;0;1;
48015;0;0;0;1;
48031;1;0;0;0;
48140;0;0;0;1;
48172;1;0;0;0;
48234;0;0;0;1;
48312;1;0;0;0;
48344;0;0;0;1;
48453;1;0;0;1;
48578;0;0;0;1;
48594;1;0;0;0;
48703;0;0;0;1;
48719;1;0;0;0;
48828;0;0;0;1;
48906;1;0;0;0;
48969;0;0;0;1;
49234;0;0;0;1;
49390;0;0;0;1;
50078;0;0;1;0;
50250;0;0;1;0;
50687;0;0;1;0;
50906;0;0;1;0;
51265;0;0;1;0;
51562;0;0;1;0;
51750;0;0;1;0;
51906;1;0;0;0;
52062;0;1;0;0;
52156;0;0;0;1;
52344;0;0;1;0;
52547;1;0;0;0;
52812;0;0;0;1;
53015;0;0;1;0;
53234;1;0;0;0;
53484;0;0;0;1;
53609;0;1;0;0;
53734;0;0;0;1;
53828;1;0;0;0;
53984;0;0;0;1;
54094;1;0;0;0;
54219;0;0;0;1;
54328;1;0;0;0;
54437;0;0;0;1;
54515;1;0;0;0;
54609;0;0;0;1;
54859;0;0;1;0;
54922;0;0;0;1;
55109;0;1;0;0;
55172;0;0;0;1;
55359;0;0;1;0;
55469;0;0;0;1;
55656;0;0;1;0;
55828;0;0;0;1;
55906;0;0;1;0;
56015;0;0;0;1;
56172;0;0;1;0;
56265;0;0;0;1;
56437;0;1;0;0;
56656;0;0;0;1;
56719;0;1;0;0;
56969;0;1;0;0;
57125;1;0;0;0;
57265;0;1;0;0;
57375;1;0;0;0;
57531;0;1;0;0;
57609;1;0;0;0;
58000;1;0;0;0;
58078;0;1;0;0;
58156;0;0;0;1;
58359;0;0;1;0;
58469;0;0;0;1;
58625;0;0;1;0;
58719;0;0;0;1;
58828;0;0;1;0;
58937;0;0;0;1;
59078;0;0;1;0;
59250;0;0;0;1;
59390;0;1;0;0;
59531;0;0;0;1;
59734;0;0;1;0;
59969;0;0;0;1;
60140;0;0;0;1;
60297;0;0;0;1;
60469;0;0;0;1;
60672;0;0;0;1;
60828;0;0;0;1;
61015;0;0;0;1;
61203;0;0;0;1;
61437;0;0;1;0;
61656;0;0;1;0;
61922;0;1;0;0;
61969;1;0;0;0;
62375;0;1;0;0;
62515;1;0;0;0;
62765;1;0;0;0;
62969;1;0;0;0;
63140;1;0;0;0;
63312;1;0;0;0;
63750;1;0;0;0;
64234;1;0;0;0;
64703;1;0;0;0;
65172;1;0;0;0;
65625;1;0;0;0;
66047;0;0;0;1;
66219;0;0;0;1;
66437;0;0;0;1;
66609;0;0;0;1;
66812;0;0;1;0;
67000;0;0;1;0;
67265;0;1;0;0;
67515;0;1;0;0;
67719;1;0;0;0;
67937;0;0;0;1;
68094;1;0;0;0;
68281;0;0;0;1;
68578;0;0;1;0;
68765;0;0;0;1;
69000;0;0;1;0;
69172;0;0;0;1;
69359;0;0;1;0;
69515;0;0;0;1;
69703;0;1;0;0;
69922;0;1;0;0;
70140;0;1;0;0;
70312;1;0;0;0;
70500;0;1;0;0;
70765;1;0;0;0;
70890;0;1;0;0;
71187;1;0;0;0;
71328;0;1;0;0;
71609;0;0;1;0;
71703;0;0;0;1;
71969;0;0;0;1;
72047;0;1;0;0;
72344;1;0;0;0;
72500;0;0;0;1;
72703;0;0;1;0;
72797;0;0;0;1;
73062;1;0;0;0;
73187;0;1;0;0;
73453;1;0;0;0;
73656;1;0;0;0;
73875;0;0;0;1;
74078;0;0;0;1;
74250;0;0;1;0;
74500;0;0;1;0;
74672;0;0;0;1;
74890;1;0;0;0;
75031;0;1;0;0;
75203;1;0;0;0;
75375;0;0;0;1;
75562;1;0;0;0;
75797;1;0;0;0;
76172;0;0;0;1;
76625;1;0;0;0;
77094;0;0;1;0;
77484;0;0;0;1;
78015;0;1;0;0;
78562;1;0;0;0;
78969;0;0;0;1;
79375;0;0;1;0;
79781;0;1;0;0;
80297;1;0;0;0;
80797;0;0;1;0;
81219;0;0;0;1;
81734;0;0;0;1;
82187;0;0;0;1;
82578;0;0;1;0;
83078;0;0;1;0;
83515;0;0;1;0;
84015;0;1;0;0;
84469;0;1;0;0;
84890;1;0;0;0;
85187;1;0;0;0;
85406;1;0;0;0;
85719;0;1;0;0;
85937;0;0;0;1;
86156;0;0;0;1;
86390;0;0;0;1;
86656;0;0;1;0;
86859;0;0;1;0;
87109;0;0;1;0;
87344;0;0;1;0;
87531;0;1;0;0;
87859;1;0;0;0;
88125;0;0;0;1;
88344;0;0;1;0;
88469;0;0;0;1;
88687;0;1;0;0;
88844;1;0;0;0;
89047;0;0;0;1;
89609;0;0;0;1;
90109;0;0;0;1;
90547;0;0;1;0;
90969;0;1;0;0;
91437;1;0;0;0;
91906;0;0;1;0;
92328;0;0;0;1;
92750;1;0;0;0;
93203;0;1;0;0;
93656;0;0;0;1;
94094;0;0;1;0;
94562;0;1;0;0;
94937;1;0;0;0;
95140;0;0;0;1;
95344;0;0;1;0;
95656;0;1;0;0;
95984;1;0;0;0;
96234;0;0;0;1;
96484;0;0;1;0;
96859;0;1;0;0;
97406;1;0;0;0;
97781;0;0;0;1;
98265;0;0;1;0;
98562;0;1;0;0;
98781;1;0;0;0;
99094;0;0;0;1;
99562;0;0;1;0;
99906;0;1;0;0;
100234;1;0;0;0;
100625;0;0;0;1;
101062;0;0;1;0;
101547;0;1;0;0;
