2328;0;0;1;0;
3765;1;0;0;0;
5265;0;1;0;0;
5515;0;0;0;1;
7922;1;0;0;0;
9656;0;0;1;0;
11172;1;0;0;0;
11547;0;0;0;1;
11765;0;0;1;0;
11969;0;1;0;0;
12234;1;0;0;0;
12547;0;0;0;1;
12797;0;0;1;0;
13000;0;1;0;0;
13172;1;0;0;0;
13500;0;0;0;1;
13656;0;0;1;0;
13859;0;1;0;0;
14015;1;0;0;0;
14203;0;0;0;1;
14390;0;0;1;0;
14578;0;1;0;0;
14750;0;0;0;1;
14969;0;0;1;0;
15172;1;0;0;0;
15469;0;0;0;1;
15656;0;0;1;0;
15844;0;1;0;0;
16000;1;0;0;0;
16187;0;0;1;0;
16390;0;1;0;0;
16547;0;0;1;0;
16734;0;0;0;1;
16875;1;0;0;0;
17078;0;0;1;0;
17281;0;1;0;0;
17453;0;0;0;1;
17625;0;0;1;0;
17797;1;0;0;0;
17969;0;1;0;0;
18203;0;0;1;0;
18406;0;0;1;0;
18578;0;1;0;0;
18765;0;0;1;0;
18953;0;1;0;0;
19109;1;0;0;0;
19344;0;0;0;1;
19484;0;0;1;0;
19672;0;1;0;0;
19812;0;0;0;1;
19969;1;0;0;0;
20140;0;0;0;1;
20359;0;0;1;0;
20578;0;1;0;0;
20719;0;0;0;1;
20906;0;0;1;0;
21078;0;0;0;1;
21250;0;0;1;0;
21422;1;0;0;0;
21844;0;0;0;1;
22078;1;0;0;0;
22281;0;0;1;0;
22484;0;1;0;0;
22640;0;0;0;1;
22797;0;0;1;0;
22984;1;0;0;0;
23187;0;1;0;0;
23359;0;0;1;0;
23578;0;0;0;1;
23734;1;0;0;0;
23937;0;0;1;0;
24140;0;1;0;0;
24312;0;0;0;1;
24484;1;0;0;0;
24687;0;0;1;0;
24875;0;1;0;0;
25297;0;0;0;1;
25469;0;0;1;0;
25656;1;0;0;0;
25828;0;1;0;0;
26015;0;0;0;1;
26140;0;0;1;0;
26281;1;0;0;0;
26500;0;1;0;0;
26687;0;0;1;0;
26844;0;1;0;0;
27062;1;0;0;0;
27219;0;0;0;1;
27406;0;0;1;0;
27578;0;1;0;0;
27734;1;0;0;0;
28203;0;0;0;1;
28390;0;0;1;0;
28609;0;1;0;0;
28750;1;0;0;0;
29047;0;0;1;0;
29328;1;0;0;0;
29547;0;0;1;0;
29828;0;0;0;1;
30047;0;0;1;0;
30250;1;0;0;0;
30453;0;1;0;0;
30640;0;0;0;1;
30781;0;0;1;0;
31187;1;0;0;0;
31390;0;1;0;0;
31562;0;0;0;1;
31687;0;0;1;0;
31844;1;0;0;0;
32031;0;0;0;1;
32328;0;1;0;0;
32531;1;0;0;0;
32750;0;1;0;0;
32937;0;1;0;0;
33125;0;0;0;1;
33390;1;0;0;0;
33562;0;0;0;1;
33797;0;1;0;0;
34109;1;0;0;0;
34297;0;0;0;1;
34453;0;0;1;0;
34672;0;0;1;0;
34953;0;0;0;1;
35125;1;0;0;0;
35312;1;0;0;0;
35640;0;0;1;0;
35812;0;0;0;1;
36047;1;0;0;0;
36219;1;0;0;0;
36672;0;0;0;1;
36844;0;0;1;0;
37172;1;0;0;0;
37312;1;0;0;0;
37578;0;0;0;1;
37765;0;1;0;0;
38172;0;1;0;0;
38344;0;1;0;0;
38562;1;0;0;0;
38797;0;0;0;1;
39125;1;0;0;0;
39594;0;0;0;1;
39984;1;0;0;0;
40140;1;0;0;0;
40375;0;0;0;1;
40531;0;0;0;1;
40703;0;0;1;0;
41187;1;0;0;0;
41625;0;0;0;1;
41765;0;1;0;0;
41922;0;1;0;0;
42125;1;0;0;0;
42609;0;0;0;1;
43031;0;0;1;0;
43203;0;0;1;0;
43406;1;0;0;0;
43640;0;0;0;1;
44125;0;1;0;0;
44500;1;0;0;0;
44734;0;0;0;1;
44859;0;0;1;0;
45062;0;1;0;0;
45203;1;0;0;0;
45453;0;0;0;1;
45640;0;0;1;0;
46062;1;0;0;0;
46281;0;0;0;1;
46437;0;0;1;0;
46656;0;1;0;0;
47094;1;0;0;0;
47484;0;0;0;1;
47672;0;0;1;0;
47859;1;0;0;0;
48047;0;0;0;1;
48250;0;0;1;0;
48422;1;0;0;0;
48609;0;1;0;0;
48828;0;0;1;0;
49015;0;0;0;1;
49156;0;0;1;0;
49390;1;0;0;0;
49562;0;0;0;1;
49734;0;0;1;0;
49937;0;1;0;0;
50203;0;1;0;0;
50390;1;0;0;0;
50609;0;0;0;1;
50719;0;0;1;0;
50906;0;1;0;0;
51062;1;0;0;0;
51187;0;0;0;1;
51344;0;0;1;0;
51515;0;1;0;0;
51640;1;0;0;0;
51812;0;0;0;1;
51922;1;0;0;0;
52078;0;0;0;1;
52140;1;0;0;0;
52359;0;0;0;1;
52469;0;0;1;0;
52719;0;1;0;0;
52859;1;0;0;0;
53250;1;0;0;0;
53328;0;0;0;1;
54250;0;0;1;0;
54469;0;1;0;0;
54640;1;0;0;0;
54797;0;0;0;1;
54984;0;0;1;0;
55172;0;1;0;0;
55484;1;0;0;0;
55672;0;0;0;1;
55844;0;0;1;0;
56062;0;1;0;0;
56250;1;0;0;0;
56406;0;0;0;1;
56531;0;0;1;0;
56750;0;1;0;0;
56890;1;0;0;0;
57062;0;0;0;1;
57250;0;0;1;0;
57453;0;1;0;0;
57625;1;0;0;0;
57812;0;0;0;1;
57984;0;0;1;0;
58140;0;0;1;0;
58359;1;0;0;0;
58547;0;0;0;1;
58719;0;0;1;0;
58953;0;1;0;0;
59281;1;0;0;0;
59469;0;0;0;1;
59594;0;0;1;0;
59781;0;1;0;0;
59922;1;0;0;0;
60109;0;0;0;1;
60281;0;0;1;0;
60484;0;1;0;0;
60609;1;0;0;0;
60875;0;0;0;1;
61234;0;0;1;0;
61453;1;0;0;0;
61703;0;0;0;1;
61875;0;0;1;0;
62078;0;1;0;0;
62297;1;0;0;0;
62469;0;0;0;1;
62625;0;0;1;0;
62844;0;1;0;0;
63125;0;1;0;0;
63297;0;1;0;0;
63484;1;0;0;0;
63687;0;0;0;1;
63828;0;0;1;0;
64031;0;1;0;0;
64281;1;0;0;0;
64578;0;0;0;1;
64781;0;0;1;0;
65094;0;1;0;0;
65297;1;0;0;0;
65437;0;0;0;1;
65625;0;0;1;0;
65812;0;1;0;0;
65969;1;0;0;0;
66172;0;0;0;1;
66344;0;0;1;0;
66531;0;1;0;0;
66672;1;0;0;0;
66875;0;0;0;1;
67203;0;0;1;0;
67437;0;1;0;0;
67609;1;0;0;0;
67797;0;0;0;1;
67969;0;0;1;0;
68172;0;1;0;0;
68359;1;0;0;0;
68640;0;0;0;1;
68844;1;0;0;0;
69031;0;0;0;1;
69203;0;0;1;0;
69422;0;1;0;0;
69562;1;0;0;0;
69828;0;0;0;1;
70047;0;0;1;0;
70265;0;1;0;0;
70562;1;0;0;0;
70734;0;0;0;1;
71094;0;0;1;0;
71312;0;1;0;0;
71437;1;0;0;0;
71609;0;0;0;1;
71765;0;0;1;0;
71969;0;1;0;0;
72125;1;0;0;0;
72344;0;0;0;1;
72484;0;0;1;0;
72703;0;1;0;0;
72844;1;0;0;0;
73125;0;0;0;1;
73312;0;0;1;0;
73547;0;1;0;0;
73719;1;0;0;0;
73922;0;0;0;1;
74109;0;0;1;0;
74328;0;1;0;0;
74547;1;0;0;0;
74750;0;0;0;1;
74937;0;0;1;0;
75140;0;1;0;0;
75297;1;0;0;0;
75562;1;0;0;0;
75890;0;0;0;1;
76125;0;0;1;0;
76375;1;0;0;0;
76562;0;0;0;1;
76765;0;0;1;0;
77015;0;1;0;0;
77203;1;0;0;0;
77390;0;0;0;1;
77562;1;0;0;0;
77750;0;0;0;1;
77937;0;0;1;0;
78140;0;1;0;0;
78297;1;0;0;0;
78469;0;0;0;1;
78640;0;0;1;0;
78906;0;1;0;0;
79078;1;0;0;0;
79390;0;0;0;1;
79625;1;0;0;0;
79906;0;0;0;1;
80109;0;0;1;0;
80344;0;1;0;0;
80531;1;0;0;0;
80719;0;0;0;1;
80890;0;0;1;0;
81109;0;1;0;0;
81297;1;0;0;0;
81781;0;0;0;1;
81969;1;0;0;0;
82187;0;0;0;1;
82390;0;0;1;0;
82609;0;1;0;0;
82765;1;0;0;0;
83000;1;0;0;0;
83281;0;0;0;1;
83484;0;0;0;1;
83672;1;0;0;0;
83875;0;0;0;1;
84078;0;0;1;0;
84250;0;1;0;0;
84453;1;0;0;0;
84672;0;0;0;1;
84937;0;0;1;0;
85140;1;0;0;0;
85375;0;0;1;0;
85531;0;0;1;0;
85828;1;0;0;0;
86047;0;0;0;1;
86265;0;0;0;1;
86484;0;1;0;0;
86812;1;0;0;0;
87062;0;1;0;0;
87250;0;1;0;0;
87469;1;0;0;0;
87672;0;0;0;1;
87906;0;0;1;0;
88078;1;0;0;0;
88312;0;1;0;0;
88547;0;0;0;1;
88953;1;0;0;0;
89203;0;0;1;0;
89422;0;1;0;0;
89640;0;0;0;1;
89797;1;0;0;0;
90000;0;0;1;0;
90219;0;1;0;0;
90375;0;0;0;1;
90531;1;0;0;0;
90765;0;0;1;0;
91047;0;1;0;0;
91297;1;0;0;0;
91734;0;0;0;1;
91890;0;0;1;0;
92078;0;1;0;0;
92265;1;0;0;0;
92422;0;0;0;1;
92609;0;0;1;0;
92797;0;1;0;0;
92984;0;0;1;0;
93172;0;1;0;0;
93328;0;0;1;0;
93531;0;1;0;0;
93703;0;0;1;0;
93844;1;0;0;0;
94047;0;0;0;1;
94219;0;0;1;0;
94750;1;0;0;0;
94984;0;1;0;0;
95297;0;0;1;0;
95625;1;0;0;0;
95953;0;0;0;1;
96172;0;0;1;0;
96437;0;1;0;0;
96750;1;0;0;0;
97062;0;0;0;1;
97390;0;0;1;0;
97640;1;0;0;0;
97890;0;0;0;1;
98234;0;0;1;0;
98578;1;0;0;0;
98906;0;0;0;1;
99281;0;0;1;0;
99672;0;1;0;0;
100015;1;0;0;0;
100406;0;0;0;1;
100750;0;0;1;0;
101140;1;0;0;0;
101500;0;0;0;1;
101719;0;0;1;0;
101890;1;0;0;0;
102062;0;0;0;1;
102281;1;0;0;0;
102484;0;0;0;1;
102640;0;0;1;0;
103125;0;1;0;0;
103531;1;0;0;0;
103687;0;0;0;1;
103844;0;0;1;0;
104047;0;1;0;0;
104187;1;0;0;0;
104640;0;0;0;1;
105094;0;0;1;0;
105281;1;0;0;0;
105453;0;0;0;1;
105640;0;0;1;0;
106094;0;1;0;0;
106234;0;1;0;0;
106484;1;0;0;0;
106797;0;0;0;1;
106984;0;0;1;0;
107187;0;1;0;0;
107562;1;0;0;0;
107734;1;0;0;0;
108015;0;0;0;1;
108219;0;0;1;0;
108406;0;1;0;0;
108562;1;0;0;0;
108984;0;0;0;1;
109265;0;0;1;0;
109547;1;0;0;0;
109734;1;0;0;0;
110078;0;0;0;1;
110219;0;0;1;0;
110547;0;1;0;0;
110719;1;0;0;0;
111047;0;0;0;1;
111203;0;0;1;0;
111406;0;1;0;0;
111578;1;0;0;0;
111922;0;0;0;1;
112094;0;0;1;0;
112469;1;0;0;0;
112672;0;0;0;1;
112828;0;0;1;0;
112984;1;0;0;0;
113437;0;0;0;1;
113672;0;0;0;1;
113719;1;0;0;0;
113984;0;0;0;1;
114140;0;0;1;0;
114344;0;1;0;0;
114469;1;0;0;0;
114656;0;0;0;1;
114797;0;0;1;0;
114969;1;0;0;0;
115109;0;0;0;1;
115265;1;0;0;0;
115422;0;0;0;1;
115547;1;0;0;0;
115719;0;0;0;1;
115937;1;0;0;0;
115984;0;0;1;0;
116203;0;1;0;0;
116406;0;0;0;1;
116609;1;0;0;0;
116797;0;0;0;1;
116890;0;0;1;0;
117094;0;1;0;0;
117250;1;0;0;0;
117406;0;0;0;1;
117531;1;0;0;0;
117640;0;0;0;1;
117750;1;0;0;0;
117844;0;0;0;1;
117969;1;0;0;0;
118031;0;0;0;1;
118156;1;0;0;0;
118234;0;0;0;1;
118500;0;0;1;0;
118734;0;1;0;0;
118890;0;0;0;1;
119015;1;0;0;0;
119234;0;0;1;0;
119422;0;1;0;0;
120984;0;0;0;1;
121125;1;0;0;0;
121312;0;0;0;1;
121437;0;0;1;0;
121609;0;0;1;0;
122015;0;1;0;0;
122500;1;0;0;0;
122750;0;0;0;1;
123015;0;0;1;0;
123250;0;1;0;0;
123390;1;0;0;0;
123656;0;0;0;1;
123797;0;0;1;0;
124047;0;1;0;0;
124203;1;0;0;0;
124375;0;0;0;1;
124547;0;0;1;0;
124812;0;1;0;0;
125047;1;0;0;0;
125265;0;0;0;1;
125453;1;0;0;0;
125765;0;0;0;1;
125812;0;0;1;0;
126062;0;1;0;0;
126234;1;0;0;0;
126422;0;0;0;1;
126594;0;0;1;0;
126781;0;1;0;0;
126953;1;0;0;0;
127140;0;0;0;1;
127406;0;0;1;0;
127781;1;0;0;0;
128031;0;0;0;1;
128234;0;0;1;0;
128437;0;1;0;0;
128609;1;0;0;0;
128812;0;0;0;1;
128969;0;0;1;0;
129172;0;1;0;0;
129344;1;0;0;0;
129625;0;0;0;1;
129828;0;0;1;0;
130047;0;1;0;0;
130187;1;0;0;0;
130390;0;0;0;1;
130734;1;0;0;0;
130953;0;0;0;1;
131234;0;0;1;0;
131469;0;1;0;0;
131687;1;0;0;0;
131844;0;0;0;1;
132031;0;0;1;0;
132234;0;1;0;0;
132390;1;0;0;0;
132594;0;0;0;1;
132765;0;0;1;0;
132953;0;1;0;0;
133109;1;0;0;0;
133344;0;0;0;1;
133719;0;0;1;0;
133969;0;1;0;0;
134203;1;0;0;0;
134453;0;0;0;1;
134656;0;0;1;0;
134890;0;1;0;0;
135047;1;0;0;0;
135234;0;0;0;1;
135469;0;0;1;0;
135703;0;1;0;0;
135922;1;0;0;0;
136234;0;0;0;1;
136547;1;0;0;0;
136781;0;0;0;1;
137031;0;0;1;0;
137234;0;1;0;0;
137531;1;0;0;0;
137719;0;0;0;1;
137922;0;0;1;0;
138109;0;1;0;0;
138375;1;0;0;0;
138609;1;0;0;0;
138765;1;0;0;0;
138953;0;0;0;1;
139156;0;0;1;0;
139547;0;1;0;0;
139797;1;0;0;0;
140047;0;0;0;1;
140328;0;0;1;0;
140625;0;1;0;0;
140859;1;0;0;0;
141109;0;0;0;1;
141359;0;0;1;0;
141625;1;0;0;0;
141797;0;0;0;1;
142062;0;0;1;0;
142312;0;1;0;0;
142578;1;0;0;0;
142859;0;0;0;1;
143062;0;0;1;0;
143422;1;0;0;0;
143578;0;0;0;1;
143765;0;0;1;0;
143937;0;1;0;0;
144109;1;0;0;0;
144344;0;0;0;1;
144515;0;0;1;0;
144703;0;1;0;0;
144859;1;0;0;0;
145062;0;0;0;1;
145250;0;0;1;0;
145453;1;0;0;0;
145828;0;0;0;1;
146156;1;0;0;0;
146500;0;0;0;1;
146890;0;0;1;0;
147297;0;1;0;0;
147656;1;0;0;0;
148015;0;0;0;1;
148422;0;0;1;0;
148781;1;0;0;0;
149140;1;0;0;0;
149515;0;0;0;1;
149906;0;0;1;0;
150312;1;0;0;0;
150656;0;1;0;0;
151047;0;1;0;0;
151422;0;0;0;1;
151765;1;0;0;0;
152125;0;0;1;0;
152515;0;0;1;0;
152859;0;0;0;1;
153203;1;0;0;0;
153625;1;0;0;0;
154000;0;0;0;1;
154344;0;1;0;0;
154750;0;1;0;0;
155047;1;0;0;0;
155437;0;0;0;1;
155750;0;0;1;0;
156140;0;1;0;0;
156594;1;0;0;0;
156937;0;0;0;1;
157359;0;0;1;0;
157625;1;0;0;0;
158078;0;0;0;1;
158890;0;0;1;0;
159125;1;0;0;0;
159297;0;0;0;1;
159484;0;0;1;0;
159750;1;0;0;0;
159937;0;0;0;1;
160140;1;0;0;0;
160234;0;0;1;0;
160625;0;1;0;0;
160859;0;0;0;1;
161047;0;0;1;0;
161297;1;0;0;0;
161547;0;1;0;0;
161750;0;0;1;0;
162078;1;0;0;0;
162312;0;0;0;1;
162484;0;0;1;0;
162812;0;1;0;0;
163062;1;0;0;0;
163312;0;0;0;1;
163500;0;0;1;0;
163719;0;1;0;0;
163953;1;0;0;0;
164250;0;0;0;1;
164437;0;0;1;0;
164640;0;1;0;0;
164812;1;0;0;0;
165078;0;0;0;1;
165265;0;0;1;0;
165469;1;0;0;0;
165609;0;0;0;1;
165812;0;0;1;0;
166187;1;0;0;0;
166531;0;0;0;1;
166828;1;0;0;0;
167203;0;0;0;1;
167500;0;0;1;0;
167828;0;1;0;0;
168062;1;0;0;0;
168281;0;0;0;1;
168437;0;0;0;1;
168765;1;0;0;0;
169078;0;0;1;0;
169390;0;0;0;1;
169672;1;0;0;0;
170047;0;0;0;1;
170203;1;0;0;0;
170422;0;0;0;1;
170594;0;0;1;0;
170812;0;1;0;0;
170953;1;0;0;0;
171156;0;0;0;1;
171312;0;0;1;0;
171484;0;1;0;0;
171687;1;0;0;0;
171937;0;0;0;1;
172078;1;0;0;0;
172515;0;0;1;0;
173047;0;1;0;0;
173640;1;0;0;0;
