2640;0;0;0;1;
2890;0;1;0;0;
3140;1;0;0;0;
3328;0;0;0;1;
3453;0;0;1;0;
3672;0;1;0;0;
3843;1;0;0;0;
3937;0;0;0;1;
4047;1;0;0;0;
4109;0;0;1;0;
4203;0;0;0;1;
4359;0;1;0;0;
4453;0;0;0;1;
4765;0;0;0;1;
4875;0;0;1;0;
5187;0;1;0;0;
5484;0;1;0;0;
5609;1;0;0;0;
5703;0;0;0;1;
5937;0;0;0;1;
6109;0;0;0;1;
6265;0;0;0;1;
6422;0;0;0;1;
6515;1;0;0;0;
6765;1;0;0;0;
6953;0;1;0;0;
7109;0;1;0;0;
7406;0;0;0;1;
7593;0;0;0;1;
7750;1;0;0;0;
7922;0;0;0;1;
8218;0;0;1;0;
8375;1;0;0;0;
8515;0;1;0;0;
8640;0;0;0;1;
8875;1;0;0;0;
9062;0;0;0;1;
9297;0;0;1;0;
9531;0;1;0;0;
9687;1;0;0;0;
9781;0;0;0;1;
10062;0;0;1;0;
10297;0;1;0;0;
10515;1;0;0;0;
10765;0;0;0;1;
11000;0;0;1;0;
11218;0;1;0;0;
11422;1;0;0;0;
11609;0;0;0;1;
11812;0;0;1;0;
12031;0;1;0;0;
12312;0;0;0;1;
13062;0;0;1;1;
13922;1;0;0;0;
13937;0;0;1;0;
14297;0;1;0;0;
14656;0;0;0;1;
14672;0;1;0;0;
15000;1;0;0;0;
15359;0;1;0;0;
15812;0;0;0;1;
15828;0;0;1;0;
15937;0;0;1;0;
16187;0;0;0;1;
16218;0;0;1;0;
16625;0;0;0;1;
16640;0;0;1;0;
17000;1;1;0;0;
17422;0;0;1;0;
17437;0;0;0;1;
17843;0;1;0;0;
18250;1;0;0;0;
18625;1;0;0;0;
18656;0;0;1;0;
19031;0;1;0;0;
19062;0;0;0;1;
19437;1;0;0;0;
19484;0;0;1;1;
19515;0;1;0;0;
19906;1;1;0;1;
20422;1;0;0;0;
20453;0;1;0;0;
20781;1;0;0;0;
21172;0;0;0;1;
21500;0;1;0;0;
21875;1;0;0;0;
22203;0;0;0;1;
22593;0;0;1;0;
22890;0;1;0;0;
23125;1;0;0;0;
23297;0;0;0;1;
23453;0;0;1;0;
23672;0;1;0;0;
23812;1;0;0;0;
23906;0;0;0;1;
24078;0;0;1;0;
24297;0;1;0;0;
24468;0;0;0;1;
24687;0;0;0;1;
24875;0;0;0;1;
25031;0;0;0;1;
25203;0;0;0;1;
25265;0;0;1;0;
25437;0;0;1;0;
25640;0;0;1;0;
25797;0;1;0;0;
25968;0;1;0;0;
26140;0;1;0;0;
26328;0;1;0;0;
26515;0;1;0;0;
26687;0;1;0;0;
26859;0;1;0;0;
27015;1;0;0;0;
27187;1;0;0;0;
27343;1;0;0;0;
27515;1;0;0;0;
27703;1;0;0;0;
27859;1;0;0;0;
28047;1;0;0;0;
28140;0;0;0;1;
28312;0;0;0;1;
28484;0;0;0;1;
28640;0;0;0;1;
28781;0;0;1;0;
28937;0;0;1;0;
29109;0;0;1;0;
29281;0;0;1;0;
29484;0;0;1;0;
29656;0;1;0;0;
29828;0;1;0;0;
29984;1;0;0;0;
30140;1;0;0;0;
30328;1;0;0;0;
30515;1;0;0;0;
30672;1;0;0;0;
30890;0;0;0;1;
31062;0;0;0;1;
31250;0;0;0;1;
31422;0;0;0;1;
31578;0;0;0;1;
31734;0;0;0;1;
31890;0;0;0;1;
32062;0;0;1;0;
32203;0;0;1;0;
32406;0;0;1;0;
32531;0;0;1;0;
32687;0;0;1;0;
32875;0;0;1;0;
33031;0;0;1;0;
33218;0;1;0;0;
33343;0;1;0;0;
33359;0;0;1;0;
33500;0;1;0;0;
33687;0;1;0;0;
33859;0;1;0;0;
34015;1;0;0;0;
34140;1;0;0;0;
34312;1;0;0;0;
34484;1;0;0;0;
34656;1;0;0;0;
34843;1;0;0;0;
34859;0;0;0;1;
35000;0;0;0;1;
35172;0;0;0;1;
35328;0;0;0;1;
35515;0;0;1;0;
35656;0;0;1;0;
35828;0;1;0;0;
36000;0;1;0;0;
36203;0;1;0;0;
36343;0;0;0;1;
36531;0;0;0;1;
36656;1;0;0;0;
36812;0;0;0;1;
36890;1;0;0;0;
37015;0;0;0;1;
37125;1;0;0;0;
37265;0;0;0;1;
37422;1;0;0;0;
37547;0;0;0;1;
37703;1;0;0;0;
37797;0;0;0;1;
37922;1;0;0;0;
38047;0;0;0;1;
38172;1;0;0;0;
38343;0;0;0;1;
38500;1;0;0;0;
38640;0;0;0;1;
38781;1;0;0;0;
38890;0;0;0;1;
38984;0;0;1;0;
39187;0;0;0;1;
39234;0;0;1;0;
39390;0;0;0;1;
39500;0;0;1;0;
39593;0;0;0;1;
39718;0;0;1;0;
39812;0;0;0;1;
39953;0;0;1;0;
40047;0;0;0;1;
40172;0;0;1;0;
40265;0;0;0;1;
40343;0;0;1;0;
40453;0;0;0;1;
40547;1;0;0;0;
40625;0;1;0;0;
40828;0;1;0;0;
40937;1;0;0;1;
41047;1;0;0;0;
41172;0;1;0;0;
41281;1;0;0;0;
41406;0;1;0;0;
41453;1;0;0;0;
41656;0;1;0;0;
41812;1;0;0;0;
41906;0;1;0;0;
41984;0;0;0;1;
42078;0;0;0;1;
42172;0;0;1;0;
42390;0;1;0;0;
42515;1;0;0;0;
42625;0;0;0;1;
42859;0;0;1;0;
43078;0;1;0;0;
43187;1;0;0;0;
43281;0;0;0;1;
43437;0;0;1;0;
43656;0;1;0;0;
43937;0;0;1;0;
44156;0;1;0;0;
44234;0;0;0;1;
44422;0;0;0;1;
44500;0;0;1;0;
44718;0;1;0;0;
44922;1;0;0;0;
45140;0;1;0;0;
45250;0;0;0;1;
45422;0;0;0;1;
45578;0;0;0;1;
45734;0;0;0;1;
45906;0;0;1;0;
46125;0;0;1;0;
46218;0;0;1;0;
46406;0;0;1;0;
46609;0;1;0;0;
46797;0;1;0;0;
46937;0;1;0;0;
47125;0;1;0;0;
47281;1;0;0;0;
47422;1;0;0;0;
47593;1;0;0;0;
47797;1;0;0;0;
47843;0;0;0;1;
48015;0;0;0;1;
48172;0;0;0;1;
48328;0;0;0;1;
48515;0;0;1;0;
48687;0;0;1;0;
48859;0;0;1;0;
49031;0;0;1;0;
49218;0;1;0;0;
49390;0;1;0;0;
49547;0;1;0;0;
49703;1;0;0;0;
49890;1;0;0;0;
50031;1;0;0;0;
50156;0;0;0;1;
50328;0;0;0;1;
50515;0;0;0;1;
50625;0;0;1;0;
50828;0;1;0;0;
50984;0;1;0;0;
51062;1;0;0;0;
51203;0;0;0;1;
51343;0;0;1;0;
51453;0;0;0;1;
51656;0;1;0;0;
51812;0;0;0;1;
52000;0;0;1;0;
52172;0;0;0;1;
52297;0;1;0;0;
52422;0;0;0;1;
52609;0;0;1;0;
52781;1;0;0;0;
52968;0;1;0;0;
53062;0;0;0;1;
53281;0;0;1;0;
53531;0;1;0;0;
53625;0;0;0;1;
53812;0;0;1;0;
53984;0;0;0;1;
54078;0;1;0;0;
54203;0;0;0;1;
54359;0;0;1;0;
54500;0;1;0;0;
54734;0;0;1;0;
54843;0;0;0;1;
55015;0;1;0;0;
55250;1;0;0;0;
55390;0;1;0;0;
55500;0;0;0;1;
55672;0;0;1;0;
55875;1;0;0;0;
55922;0;1;0;0;
56062;0;0;0;1;
56203;1;0;0;0;
56359;0;0;0;1;
56578;0;1;0;0;
56718;0;0;0;1;
56906;1;0;0;0;
57078;0;1;0;0;
57218;0;0;0;1;
57437;0;0;1;0;
57640;0;1;0;0;
57875;1;0;0;0;
58093;0;0;0;1;
58265;0;0;1;0;
58453;0;1;0;0;
58593;1;0;0;0;
58750;0;0;0;1;
58906;0;0;1;0;
59281;1;0;0;0;
59406;1;0;0;0;
59562;1;0;0;0;
59718;1;0;0;0;
59890;1;0;0;0;
60062;0;1;0;0;
60234;0;1;0;0;
60453;0;0;1;0;
60656;0;0;1;0;
60843;0;0;0;1;
61015;0;0;0;1;
61187;0;0;0;1;
61234;0;1;0;0;
61390;0;1;0;0;
61500;1;0;0;0;
61797;0;0;1;0;
62000;0;0;0;1;
62203;0;1;0;0;
62437;1;0;0;0;
62562;0;0;0;1;
62703;0;0;1;0;
62937;0;1;0;0;
63156;1;0;0;0;
63297;0;0;0;1;
63453;0;0;1;0;
63703;0;1;0;0;
64000;0;0;0;1;
64234;0;0;1;0;
64390;0;0;0;1;
64484;0;1;0;0;
64672;1;0;0;0;
64781;0;0;0;1;
64937;0;0;1;0;
65062;0;0;0;1;
65187;0;1;0;0;
65406;1;0;0;0;
65500;0;0;0;1;
65562;0;0;1;0;
65703;1;0;0;0;
65781;0;1;0;0;
65859;0;0;0;1;
66062;0;0;1;0;
66203;1;0;0;0;
66359;0;1;0;0;
66468;0;0;0;1;
66750;0;0;0;1;
66984;0;0;0;1;
67047;0;1;0;0;
67281;1;0;0;0;
67375;0;1;0;0;
67578;0;0;0;1;
67797;0;0;1;0;
68031;0;1;0;0;
68187;1;0;0;0;
68312;0;0;0;1;
68422;0;0;1;0;
68640;0;1;0;0;
68859;1;0;0;0;
69015;0;0;0;1;
69125;0;0;1;0;
69343;0;1;0;0;
69562;1;0;0;0;
69656;0;0;0;1;
69843;0;0;0;1;
69906;0;0;1;0;
70109;0;1;0;0;
70234;1;0;0;0;
70375;0;0;0;1;
70484;0;0;1;0;
70718;0;1;0;0;
70875;1;0;0;0;
71062;0;0;0;1;
71250;1;0;0;0;
71453;1;0;0;0;
71609;1;0;0;0;
71781;1;0;0;0;
71953;1;0;0;0;
72078;0;0;0;1;
72234;0;0;0;1;
72437;0;0;0;1;
72578;0;0;1;0;
72750;0;0;1;0;
72922;0;0;1;0;
73093;0;0;1;0;
73281;0;0;1;0;
73437;0;0;1;0;
73672;0;0;1;0;
73843;0;0;1;0;
74015;0;0;1;0;
74234;0;1;0;0;
74406;0;1;0;0;
74578;0;1;0;0;
74750;0;1;0;0;
74906;0;1;0;0;
75047;1;0;0;0;
75359;1;0;0;0;
75515;1;0;0;0;
75687;1;0;0;0;
75875;0;0;0;1;
76031;0;0;0;1;
76187;0;0;0;1;
76359;0;0;0;1;
76531;0;0;1;0;
76687;0;0;1;0;
76890;0;0;1;0;
77047;0;0;1;0;
77234;0;1;0;0;
77406;0;1;0;0;
77593;0;1;0;0;
77781;0;1;0;0;
77953;1;0;0;0;
78125;1;0;0;0;
78328;0;0;0;1;
78500;0;0;0;1;
78672;0;0;0;1;
78843;0;0;0;1;
78984;0;0;1;0;
79156;0;0;1;0;
79328;0;0;1;0;
79437;0;0;0;1;
79609;0;0;1;0;
79765;0;0;0;1;
79922;0;0;1;0;
80031;0;0;0;1;
80203;0;1;0;0;
80390;1;0;0;0;
80437;0;1;0;0;
80484;0;0;0;1;
80687;0;0;0;1;
80750;0;0;1;0;
80968;0;1;0;0;
81125;0;0;0;1;
81343;0;0;1;0;
81578;0;1;0;0;
81750;0;1;0;0;
81859;1;0;0;0;
81937;0;0;0;1;
82047;0;0;1;0;
82172;0;0;0;1;
82297;0;1;0;0;
82500;1;0;0;0;
82718;1;0;0;0;
82953;1;0;0;0;
83187;1;0;0;0;
83250;0;1;0;0;
83468;0;1;0;0;
83781;0;0;1;0;
84031;0;1;0;0;
84187;0;0;0;1;
84312;1;0;0;0;
84406;0;1;0;0;
84672;0;0;1;0;
84859;1;0;0;0;
85047;0;0;0;1;
85484;0;1;0;0;
85703;1;0;0;0;
85890;1;0;0;0;
86015;0;0;0;1;
86125;0;0;1;0;
86297;0;1;0;0;
86515;0;1;0;0;
86625;0;0;0;1;
86781;0;0;1;0;
87015;0;1;0;0;
87187;1;0;0;0;
87312;0;1;0;0;
87422;0;0;0;1;
87672;0;0;0;1;
87750;0;0;1;0;
87937;0;0;1;0;
88140;0;0;1;0;
88312;0;0;1;0;
88484;0;0;1;0;
88672;0;0;1;0;
88875;1;0;0;0;
89031;1;0;0;0;
89203;0;1;0;0;
89437;0;0;0;1;
89609;0;0;0;1;
89797;0;0;0;1;
89953;0;0;0;1;
90140;0;0;1;0;
90312;0;0;1;0;
90500;0;1;0;0;
90687;1;0;0;0;
90875;0;0;0;1;
91000;0;0;1;0;
91187;0;1;0;0;
91312;1;0;0;0;
91437;0;0;0;1;
91562;0;0;1;0;
91797;0;1;0;0;
92015;0;1;0;0;
92187;0;1;0;0;
92359;0;0;1;0;
92547;0;0;0;1;
92750;1;0;0;0;
92906;0;0;0;1;
92968;1;0;0;0;
93109;0;0;0;1;
93172;1;0;0;0;
93312;0;0;0;1;
93422;1;0;0;0;
93578;0;0;0;1;
93703;1;0;0;0;
93828;0;0;0;1;
93953;1;0;0;0;
94062;0;0;0;1;
94125;0;0;1;0;
94250;0;0;0;1;
94343;0;1;0;0;
94468;0;0;0;1;
94750;0;0;1;0;
94812;0;0;0;1;
95047;0;1;0;0;
95109;0;0;0;1;
95265;0;0;1;0;
95437;1;0;0;0;
95547;0;1;0;0;
95640;0;0;0;1;
95890;0;0;0;1;
96172;0;0;0;1;
96375;0;0;0;1;
96547;0;0;0;1;
96656;0;0;1;0;
96843;0;1;0;0;
97015;1;0;0;0;
97187;0;0;0;1;
97328;0;0;0;1;
97500;0;0;0;1;
97656;0;0;0;1;
97797;0;0;1;0;
98109;0;1;0;0;
98281;0;1;0;0;
98406;1;0;0;0;
98609;1;0;0;0;
98781;1;0;0;0;
98890;0;1;0;0;
99047;0;1;0;0;
99265;0;0;1;0;
99437;0;0;0;1;
99609;0;1;0;0;
99828;0;1;0;0;
100031;0;1;0;0;
100109;1;0;0;0;
100281;0;0;0;1;
100359;0;0;1;0;
100609;0;1;0;0;
100875;0;1;0;0;
100890;0;0;0;1;
101093;0;0;0;1;
101234;0;0;1;0;
101437;0;1;0;0;
101593;1;0;0;0;
101687;0;0;0;1;
101828;0;0;1;0;
102078;0;1;0;0;
102250;0;1;0;0;
102437;1;0;0;0;
102656;1;0;0;0;
102750;0;0;0;1;
102906;0;0;0;1;
103078;0;0;0;1;
103250;0;0;0;1;
103422;0;0;0;1;
103593;0;0;0;1;
103734;0;0;0;1;
103922;0;0;0;1;
104078;0;0;0;1;
104234;0;0;0;1;
104406;0;0;0;1;
104531;0;0;0;1;
104672;0;0;0;1;
104828;0;0;0;1;
105000;0;0;0;1;
105156;0;0;0;1;
105328;0;0;0;1;
105531;0;0;0;1;
