3063;0;0;0;1;
3875;0;0;0;1;
4782;1;0;0;0;
5610;1;0;0;0;
6516;0;0;1;0;
7329;0;0;1;0;
8172;0;1;0;0;
8563;0;1;0;0;
9000;0;1;0;0;
9438;0;1;0;0;
9891;0;0;0;1;
10297;0;0;0;1;
10750;0;0;0;1;
11157;0;0;0;1;
11579;1;0;0;0;
12032;1;0;0;0;
12469;1;0;0;0;
12891;1;0;0;0;
13110;0;0;1;0;
13297;1;0;0;0;
13704;1;0;0;0;
14141;1;0;0;0;
14547;1;0;0;0;
14985;0;0;0;1;
15407;0;1;0;0;
15610;0;1;0;0;
15844;0;1;0;0;
16032;0;1;0;0;
16235;0;1;0;0;
16672;0;0;0;1;
17094;0;1;0;0;
17344;0;1;0;0;
17547;0;1;0;0;
17766;0;1;0;0;
17954;0;1;0;0;
18391;0;0;0;1;
18782;1;0;0;0;
19235;0;0;1;0;
19485;1;0;0;0;
19688;0;0;1;0;
20094;0;0;1;0;
20500;0;0;1;0;
20907;1;0;0;0;
21125;0;0;0;1;
21360;1;0;0;0;
21750;0;0;1;0;
22188;0;0;1;0;
22641;0;1;0;0;
22860;0;0;1;0;
23063;0;1;0;0;
23485;0;0;0;1;
23954;0;0;0;1;
24360;1;0;0;0;
24579;0;0;0;1;
24782;1;0;0;0;
25172;0;0;1;0;
25594;0;0;1;0;
26032;0;1;0;0;
26250;0;0;0;1;
26469;0;1;0;0;
26891;1;0;0;0;
27141;1;0;0;0;
27344;1;0;0;0;
27563;1;0;0;0;
27750;1;0;0;0;
27954;0;0;1;0;
28172;1;0;0;0;
28579;0;0;0;1;
29016;0;0;0;1;
29438;0;0;0;1;
29875;0;0;0;1;
30266;0;0;0;1;
30454;0;1;0;0;
30688;1;0;0;0;
30922;1;0;0;0;
31094;1;0;0;0;
31422;1;0;0;0;
31594;1;0;0;0;
31766;1;0;0;0;
31969;0;0;1;0;
32344;0;1;0;0;
32688;0;0;0;1;
33063;0;0;0;1;
33485;0;0;0;1;
33688;0;0;0;1;
33969;0;0;0;1;
34172;0;1;0;0;
34438;0;0;1;0;
34813;1;0;0;0;
35047;0;0;1;0;
35219;1;0;0;0;
35407;0;0;1;0;
35782;0;1;0;0;
36125;0;1;0;0;
36594;0;0;0;1;
36891;0;1;0;0;
37110;0;0;0;1;
37235;0;1;0;0;
37500;0;0;1;0;
37782;0;0;1;0;
38204;0;0;1;0;
38500;1;0;0;0;
38750;0;0;0;1;
38954;1;0;0;0;
39235;0;0;1;0;
39438;0;1;0;0;
39891;0;1;0;0;
40110;0;1;0;0;
40360;0;0;0;1;
40547;0;1;0;0;
40844;0;0;1;0;
41110;1;0;0;0;
41547;0;0;0;1;
41782;0;1;0;0;
41985;0;0;0;1;
42204;0;1;0;0;
42516;0;0;1;0;
42844;0;0;1;0;
43219;0;1;0;0;
43438;0;0;0;1;
43657;0;1;0;0;
43922;0;0;1;0;
44188;1;0;0;0;
44516;1;0;0;0;
44907;0;0;0;1;
45000;1;0;0;0;
45125;0;0;0;1;
45594;0;1;0;0;
46032;0;1;0;0;
46438;0;1;0;0;
46875;0;1;0;0;
47313;0;0;1;0;
47750;0;0;1;0;
48172;0;0;1;0;
48641;0;0;1;0;
49000;1;0;0;0;
49422;1;0;0;0;
49860;1;0;0;0;
50266;1;0;0;0;
50704;0;0;0;1;
51141;0;0;0;1;
51547;0;0;0;1;
51969;0;0;0;1;
52422;0;1;0;0;
52813;0;1;0;0;
53235;0;1;0;0;
53657;0;1;0;0;
54094;0;0;1;0;
54500;0;0;1;0;
54938;0;0;1;0;
55344;0;0;1;0;
55782;1;0;0;0;
56188;1;0;0;0;
56594;1;0;0;0;
57063;1;0;0;0;
57516;0;0;0;1;
57922;0;0;0;1;
58407;0;0;0;1;
58782;0;0;0;1;
58985;0;0;1;0;
59172;0;0;0;1;
59594;0;0;0;1;
60047;0;0;0;1;
60266;0;1;0;0;
60454;0;0;0;1;
60907;0;0;0;1;
61313;0;0;0;1;
61735;0;0;0;1;
61938;1;0;0;0;
62125;0;0;0;1;
62579;0;0;0;1;
63000;0;0;0;1;
63422;0;0;0;1;
63641;0;1;0;0;
63829;0;0;0;1;
64297;1;0;0;0;
64500;0;0;1;0;
64719;1;0;0;0;
64922;0;0;1;0;
65125;0;0;1;0;
65344;0;0;1;0;
65547;0;0;1;0;
65985;0;1;0;0;
66422;0;1;0;0;
66860;0;0;0;1;
67079;0;1;0;0;
67266;0;0;0;1;
67688;0;1;0;0;
68157;0;1;0;0;
68594;1;0;0;0;
68782;0;0;1;0;
68969;1;0;0;0;
69391;0;1;0;0;
69829;0;1;0;0;
70250;0;0;0;1;
70469;0;1;0;0;
70672;0;0;0;1;
71079;1;0;0;0;
71297;0;0;1;0;
71516;1;0;0;0;
71766;0;1;0;0;
71938;1;0;0;0;
72141;0;0;0;1;
72375;1;0;0;0;
72797;0;0;0;1;
73266;0;0;0;1;
73657;0;0;0;1;
74079;0;0;0;1;
74485;1;0;0;0;
74875;1;0;0;0;
75329;0;0;1;0;
75579;0;0;1;0;
75766;0;0;1;0;
75969;0;0;1;0;
76204;0;1;0;0;
76516;0;1;0;0;
76844;0;0;0;1;
77219;1;0;0;0;
77454;0;0;0;1;
77641;1;0;0;0;
77875;0;0;1;0;
78188;0;0;1;0;
78516;0;1;0;0;
78969;0;0;0;1;
79172;0;0;0;1;
79422;0;0;0;1;
79594;0;0;0;1;
80032;0;1;0;0;
80297;1;0;0;0;
80625;0;0;0;1;
80860;0;0;0;1;
81063;0;0;0;1;
81266;0;0;0;1;
81610;0;1;0;0;
81907;1;0;0;0;
82313;0;0;0;1;
82516;0;0;0;1;
82766;0;0;0;1;
83000;0;0;1;0;
83313;0;1;0;0;
83610;1;0;0;0;
84000;0;0;0;1;
84235;0;0;0;1;
84422;0;0;0;1;
84672;1;0;0;0;
85063;0;0;1;0;
85250;0;1;0;0;
85704;0;0;0;1;
85922;0;0;0;1;
86110;1;0;0;0;
86329;0;0;0;1;
86672;0;1;0;0;
87016;0;0;1;0;
87407;1;0;0;0;
87657;1;0;0;0;
87875;0;0;0;1;
88079;0;1;0;0;
88391;0;0;0;1;
88688;1;0;0;0;
89110;0;0;1;0;
89219;1;0;0;0;
89329;0;0;1;0;
89766;0;1;0;0;
90188;0;1;0;0;
90516;0;1;0;0;
90860;0;0;0;1;
91047;0;1;0;0;
91266;0;0;0;1;
91469;1;0;0;0;
91860;1;0;0;0;
92172;0;0;0;1;
92469;1;0;0;0;
92579;0;0;0;1;
92766;1;0;0;0;
92969;0;0;0;1;
93282;0;0;0;1;
93563;0;0;0;1;
93829;0;0;1;0;
93922;0;0;0;1;
94188;0;0;1;0;
94297;0;0;0;1;
94469;0;1;0;0;
94657;0;1;0;0;
94891;0;0;0;1;
95266;0;0;0;1;
95485;1;0;0;0;
95594;0;0;1;0;
95860;1;0;0;0;
95954;0;0;1;0;
96172;1;0;0;0;
96329;1;0;0;0;
96547;0;0;0;1;
96922;0;0;0;1;
97204;0;0;0;1;
97313;0;1;0;0;
97532;0;0;0;1;
97672;0;1;0;0;
97829;0;0;0;1;
98047;0;0;0;1;
98266;1;0;0;0;
98672;1;0;0;0;
98891;1;0;0;0;
99032;0;0;1;0;
99282;1;0;0;0;
99360;0;0;1;0;
99563;1;0;0;0;
99750;1;0;0;0;
99954;0;0;0;1;
100360;0;0;1;0;
100625;0;0;1;0;
100750;0;0;0;1;
100969;0;0;1;0;
101063;0;0;0;1;
101313;0;0;0;1;
101500;0;0;0;1;
101704;0;1;0;0;
102047;0;0;0;1;
102266;0;1;0;0;
102360;0;0;0;1;
102641;1;0;0;0;
102735;0;0;0;1;
102938;1;0;0;0;
103125;0;1;0;0;
103735;0;0;0;1;
104188;0;0;0;1;
104625;0;0;0;1;
105047;1;0;0;0;
105704;1;0;0;0;
105813;0;0;0;1;
105969;1;0;0;0;
106235;1;0;0;0;
106532;1;0;0;0;
106735;1;0;0;0;
107344;0;0;0;1;
107563;1;0;0;0;
107782;0;0;0;1;
108000;1;0;0;0;
108188;0;0;0;1;
108407;0;0;0;1;
109079;0;0;0;1;
109297;1;0;0;0;
109500;0;0;0;1;
109704;1;0;0;0;
109922;0;0;0;1;
110110;0;0;0;1;
110391;0;1;0;0;
110500;0;0;1;0;
110672;0;1;0;0;
110954;0;1;0;0;
111407;0;1;0;0;
111813;0;1;0;0;
112032;0;0;0;1;
112125;0;1;0;0;
112235;0;0;0;1;
112688;0;0;0;1;
113141;0;0;0;1;
113516;0;0;0;1;
113766;1;0;0;0;
113844;0;0;1;0;
113985;1;0;0;0;
114235;1;0;0;0;
114454;1;0;0;0;
114657;1;0;0;0;
114844;1;0;0;0;
115032;1;0;0;0;
115235;0;0;0;1;
115469;0;1;0;0;
115657;0;0;0;1;
115844;0;1;0;0;
116079;0;0;0;1;
116313;0;0;0;1;
116532;0;0;0;1;
116719;1;0;0;0;
116907;0;0;1;0;
117407;0;0;1;0;
117844;0;0;1;0;
118250;0;0;1;0;
118625;0;0;1;0;
119079;0;0;1;0;
119422;0;0;1;0;
119782;1;0;0;0;
119954;0;0;0;1;
120110;0;1;0;0;
120344;0;0;1;0;
120672;0;0;1;0;
121000;1;0;0;0;
121407;0;0;1;0;
121625;0;0;1;0;
121875;0;0;1;0;
122047;0;0;1;0;
122375;1;0;0;0;
122704;0;0;0;1;
123094;0;0;0;1;
123313;0;1;0;0;
123516;0;0;0;1;
123735;1;0;0;0;
124063;0;0;1;0;
124391;0;0;1;0;
124782;1;0;0;0;
124969;0;0;1;0;
125204;1;0;0;0;
125422;0;0;0;1;
125735;0;0;0;1;
126079;0;0;1;0;
126469;0;0;0;1;
126672;0;1;0;0;
126875;0;0;0;1;
127125;0;0;1;0;
127438;0;0;0;1;
127829;1;0;0;0;
128172;0;0;1;0;
128422;1;0;0;0;
128625;0;0;1;0;
128844;1;0;0;0;
129157;0;0;0;1;
129485;0;1;0;0;
129844;0;0;0;1;
130063;0;0;1;0;
130250;0;0;0;1;
130454;0;1;0;0;
130797;0;0;1;0;
131125;1;0;0;0;
131547;0;0;1;0;
131782;1;0;0;0;
131969;0;0;1;0;
132204;1;0;0;0;
132563;0;0;0;1;
132860;0;0;0;1;
133219;0;1;0;0;
133329;0;0;0;1;
133454;0;1;0;0;
133938;1;0;0;0;
134344;1;0;0;0;
134563;0;0;1;0;
134735;1;0;0;0;
134938;0;0;1;0;
135079;1;0;0;0;
135266;0;0;1;0;
135454;0;0;1;0;
135657;0;0;1;0;
136000;0;1;0;0;
136297;0;1;0;0;
136438;0;0;1;0;
136657;0;1;0;0;
136750;0;0;1;0;
136938;0;1;0;0;
137125;0;1;0;0;
137344;0;0;0;1;
137735;0;0;0;1;
138016;0;0;0;1;
138110;0;1;0;0;
138344;0;0;0;1;
138438;0;1;0;0;
138625;0;0;0;1;
138844;0;0;0;1;
139047;1;0;0;0;
139438;1;0;0;0;
139704;0;0;1;0;
139938;1;0;0;0;
140110;0;0;1;0;
140297;1;0;0;0;
140500;1;0;0;0;
140719;0;0;0;1;
141110;0;0;0;1;
141375;0;0;0;1;
141485;0;1;0;0;
141750;0;0;0;1;
141860;0;1;0;0;
142032;0;0;0;1;
142235;0;0;0;1;
142469;0;0;1;0;
142860;0;0;1;0;
143094;0;0;0;1;
143204;0;0;1;0;
143422;0;0;0;1;
143547;0;0;1;0;
143735;0;0;1;0;
143907;0;0;1;0;
144110;0;0;0;1;
144516;0;0;0;1;
144766;0;1;0;0;
144860;0;0;1;0;
145125;0;1;0;0;
145204;0;0;1;0;
145407;1;0;0;0;
145594;1;0;0;0;
145797;0;0;0;1;
146172;0;0;0;1;
146407;1;0;0;0;
146516;0;0;0;1;
146860;1;0;0;0;
147063;0;0;0;1;
147313;0;1;0;0;
