2531;0;0;0;1;
2969;0;1;0;0;
3094;1;0;0;0;
3188;0;0;0;1;
3375;0;0;1;0;
3578;0;1;0;0;
3766;0;0;0;1;
3969;0;0;0;1;
4359;0;0;0;1;
4969;0;1;0;0;
5078;1;0;0;0;
5188;0;0;0;1;
5313;1;0;1;0;
5641;0;1;0;0;
5875;0;0;0;1;
6297;0;0;0;1;
6672;1;0;0;0;
6750;0;1;0;0;
6797;0;0;0;1;
7047;0;0;1;0;
7125;0;0;0;1;
7359;0;1;0;0;
7625;1;0;0;0;
7875;0;0;0;1;
8031;0;0;1;0;
8203;0;1;0;0;
8500;1;0;0;0;
8609;0;0;0;1;
8703;0;0;1;0;
8906;0;1;0;0;
9156;0;0;1;0;
9313;0;0;0;1;
9453;0;0;1;0;
9531;0;0;0;1;
9875;0;0;1;0;
9938;0;0;0;1;
10297;0;0;1;1;
10625;1;0;0;0;
10797;0;0;0;1;
10984;0;0;0;1;
11188;0;0;0;1;
11438;0;0;0;1;
11594;0;0;1;0;
11781;0;1;0;0;
11969;0;1;0;0;
12156;0;1;0;0;
12313;0;1;0;0;
12484;1;0;0;0;
12656;1;0;0;0;
12844;1;0;0;0;
13047;1;0;0;0;
13250;0;0;1;0;
13438;0;0;1;0;
13781;0;0;0;1;
14219;0;0;0;1;
14578;0;0;0;1;
14703;0;0;0;1;
14844;0;0;0;1;
14984;0;0;0;1;
15109;0;0;0;1;
15250;0;0;0;1;
15453;0;0;0;1;
15625;0;0;0;1;
15797;0;0;0;1;
15953;0;0;1;0;
16172;0;0;1;0;
16344;0;0;1;0;
16453;0;0;1;0;
16594;0;0;1;0;
16766;0;1;0;0;
16906;0;1;0;0;
16984;1;0;0;0;
17156;0;0;0;1;
17234;1;0;0;0;
17469;1;0;0;0;
17641;0;0;0;1;
17766;1;0;0;0;
17922;0;0;0;1;
18016;1;0;0;0;
18281;0;1;0;0;
18484;0;1;0;0;
18641;0;1;0;0;
18953;0;0;1;0;
19125;0;0;1;0;
19313;0;1;0;0;
19469;0;1;0;0;
19719;0;0;1;0;
19938;0;1;0;0;
20016;0;0;0;1;
20125;1;0;0;0;
20234;0;0;0;1;
20359;0;0;1;0;
20578;0;1;0;0;
20859;1;0;0;0;
20953;0;0;0;1;
21219;0;0;1;0;
21406;0;1;0;0;
21578;1;0;0;0;
21656;0;0;0;1;
21766;0;0;1;0;
21875;0;0;0;1;
21984;0;1;0;0;
22063;0;0;0;1;
22188;0;0;1;0;
22453;0;1;0;0;
22547;0;0;0;1;
22781;0;0;1;0;
22891;0;0;0;1;
23016;0;1;0;0;
23266;0;0;1;0;
23438;0;0;0;1;
23516;0;1;0;0;
23750;1;0;0;0;
23906;0;0;0;1;
24016;1;0;0;0;
24203;0;1;0;0;
24391;0;0;0;1;
24484;0;0;1;0;
24625;0;0;0;1;
24766;0;1;0;0;
24859;1;0;0;0;
25031;0;0;0;1;
25250;0;0;0;1;
25406;0;0;0;1;
25531;0;0;0;1;
25688;0;0;1;0;
25859;0;0;1;0;
26031;0;0;1;0;
26172;0;0;1;0;
26344;0;0;1;0;
26516;0;1;0;0;
26656;0;1;0;0;
26828;0;1;0;0;
27000;0;1;0;0;
27109;1;0;0;0;
27266;1;0;0;0;
27422;1;0;0;0;
27594;1;0;0;0;
27766;1;0;0;0;
27828;0;0;0;1;
28000;0;0;0;1;
28156;0;0;0;1;
28313;0;0;1;0;
28469;0;0;1;0;
28641;0;0;1;0;
28797;0;0;1;0;
29031;0;0;0;1;
29156;0;0;0;1;
29297;0;1;0;0;
29453;0;1;0;0;
29609;1;0;0;0;
29781;1;0;0;0;
29953;1;0;0;0;
30125;1;0;0;0;
30203;0;0;0;1;
30297;1;0;0;0;
30406;0;0;0;1;
30500;1;0;0;0;
30609;0;0;0;1;
30734;1;0;0;0;
30828;0;0;1;0;
31063;0;1;0;0;
31328;0;1;0;0;
31578;0;1;0;0;
31750;0;1;0;0;
31938;0;0;1;0;
32016;0;0;0;1;
32125;0;0;1;0;
32203;0;0;0;1;
32359;0;1;0;0;
32594;1;0;0;0;
32766;0;0;0;1;
32875;1;0;0;0;
32984;0;0;0;1;
33094;1;0;0;0;
33234;0;1;0;0;
33359;0;0;0;1;
33484;0;0;1;0;
33703;0;1;0;0;
33859;1;0;0;0;
33938;0;0;0;1;
34031;1;0;0;0;
34125;0;0;0;1;
34375;1;0;0;0;
34516;0;1;0;0;
34625;0;0;0;1;
34781;0;0;1;0;
35000;0;1;0;0;
35313;0;0;1;0;
35438;0;0;0;1;
35578;0;1;0;0;
35859;0;0;1;0;
35953;0;0;0;1;
36125;0;1;0;0;
36313;0;0;0;1;
36547;0;0;1;0;
36813;0;0;0;1;
36984;0;0;0;1;
37156;0;0;0;1;
37328;0;0;0;1;
37469;0;0;1;0;
37625;0;0;1;0;
37828;0;0;1;0;
38016;0;1;0;0;
38203;0;1;0;0;
38359;1;0;0;0;
38531;1;0;0;0;
38672;0;0;0;1;
38828;0;1;0;0;
38969;0;0;0;1;
39109;0;0;1;0;
39359;0;1;0;0;
39547;0;1;0;0;
40031;0;1;0;0;
40234;0;1;0;0;
40406;0;1;0;0;
40469;0;0;0;1;
40609;0;0;1;0;
40719;0;0;0;1;
40844;0;0;1;0;
41063;0;0;1;0;
41203;0;0;0;1;
41297;0;0;1;0;
41391;0;0;0;1;
41500;0;0;1;0;
41609;0;0;0;1;
41750;0;0;0;1;
41906;0;1;0;0;
42047;1;0;0;0;
42250;1;0;0;0;
42406;1;0;0;0;
42563;0;1;0;0;
42719;0;1;0;0;
43016;0;0;0;1;
43141;0;0;1;0;
43203;1;0;0;0;
43281;0;0;0;1;
43438;1;0;0;0;
43547;0;0;0;1;
43578;0;1;0;0;
43828;0;0;1;0;
44109;0;1;0;0;
44328;1;0;0;0;
44438;0;0;0;1;
44547;1;0;0;0;
44656;0;0;0;1;
44781;0;0;1;0;
44984;0;1;0;0;
45188;0;1;0;0;
45359;0;1;0;0;
45453;1;0;0;0;
45609;0;0;0;1;
45750;0;0;1;0;
46000;0;1;0;0;
46188;1;0;0;0;
46297;0;0;0;1;
46406;1;0;0;0;
46500;0;0;0;1;
46594;1;0;0;0;
46609;0;0;1;0;
46844;0;1;0;0;
47016;0;0;0;1;
47141;1;0;0;0;
47422;0;1;0;0;
47516;0;0;0;1;
47703;0;0;1;0;
47813;0;0;0;1;
47891;1;0;0;0;
48063;0;1;0;0;
48250;0;0;0;1;
48391;1;0;0;0;
48547;0;0;0;1;
48734;1;0;0;0;
48828;0;0;0;1;
48922;1;0;0;0;
49031;0;0;0;1;
49125;1;0;0;0;
49281;0;0;1;0;
49516;0;1;0;0;
49719;0;1;0;0;
49938;0;1;0;0;
50141;1;0;0;0;
50266;0;0;0;1;
50359;1;0;0;0;
50563;0;0;0;1;
50828;0;0;0;1;
51000;0;0;0;1;
51188;0;0;1;0;
51547;0;1;0;0;
51719;1;0;0;0;
51906;0;0;0;1;
52109;0;0;0;1;
52297;0;0;1;0;
52500;0;1;0;0;
52703;1;0;0;0;
52891;1;0;0;0;
52969;0;0;0;1;
53188;0;0;0;1;
53219;0;0;1;0;
53406;0;0;1;0;
53656;0;1;0;0;
53734;1;0;0;0;
53859;0;0;0;1;
53969;1;0;0;0;
54141;0;0;1;0;
54359;0;1;0;0;
54438;0;0;0;1;
54578;1;0;0;0;
54703;0;0;0;1;
54859;1;0;0;0;
55063;0;0;0;1;
55172;1;0;0;0;
55453;0;1;0;0;
55625;0;0;0;1;
55750;0;0;1;0;
55906;0;0;0;1;
56172;0;1;0;0;
56453;1;0;0;0;
56672;0;0;0;1;
56766;0;1;0;0;
56891;0;0;0;1;
56953;1;0;0;0;
57188;0;0;0;1;
57266;0;0;1;0;
57297;1;0;0;0;
57563;0;1;0;0;
57641;0;0;0;1;
57859;0;0;1;0;
57922;0;0;0;1;
58141;0;1;0;0;
58234;1;0;0;0;
58469;0;0;0;1;
58672;0;0;1;0;
58891;0;1;0;0;
58984;1;0;0;0;
59125;0;0;0;1;
59375;0;0;1;0;
59641;0;1;0;0;
59828;0;1;0;0;
59984;0;1;0;0;
60172;1;0;0;0;
60375;1;0;0;0;
60453;0;0;1;0;
60719;0;0;0;1;
60906;0;0;0;1;
61047;0;0;0;1;
61406;0;0;1;0;
61797;0;1;0;0;
62266;1;0;0;0;
62594;1;0;0;0;
62766;1;0;0;0;
62953;1;0;0;0;
63125;1;0;0;0;
63578;0;1;0;0;
63938;0;0;1;0;
64281;0;0;0;1;
64625;1;0;0;0;
64938;0;1;0;0;
65297;0;0;1;0;
65625;0;0;0;1;
66000;0;0;1;0;
66313;0;0;1;0;
66578;0;0;1;0;
66719;0;0;1;0;
66859;0;0;1;0;
67078;0;0;0;1;
67313;0;0;0;1;
67453;0;0;0;1;
67672;0;0;1;0;
67922;0;1;0;0;
68094;0;1;0;0;
68313;1;0;0;0;
68484;1;0;0;0;
68656;1;0;0;0;
68797;1;0;0;0;
69125;1;0;0;0;
69500;1;0;0;0;
69781;1;0;0;0;
70094;1;0;0;0;
70234;1;0;0;0;
70391;1;0;0;0;
70641;1;0;0;0;
70906;1;0;0;0;
71172;0;1;0;0;
71391;0;1;0;0;
71641;0;0;1;0;
71859;0;0;0;1;
72016;1;0;0;0;
72156;0;0;0;1;
72453;0;0;0;1;
72563;1;0;0;0;
72781;0;0;0;1;
72922;1;0;0;0;
73000;0;0;0;1;
73109;1;0;0;0;
73344;0;0;0;1;
73609;0;0;1;0;
73844;0;0;1;0;
74031;0;0;1;0;
74219;0;0;1;0;
74422;0;0;0;1;
74688;0;0;0;1;
74922;0;0;0;1;
75094;0;1;0;0;
75234;0;1;0;0;
75516;1;0;0;0;
75703;1;0;0;0;
75859;1;0;0;0;
76172;0;0;0;1;
76391;0;0;1;0;
76672;0;1;0;0;
76922;1;0;0;0;
77250;0;0;0;1;
77500;0;0;1;0;
77734;0;1;0;0;
77844;1;0;0;0;
78109;0;0;0;1;
78297;1;0;0;0;
78422;0;0;0;1;
78531;1;0;0;0;
78672;0;0;0;1;
78781;1;0;0;0;
79031;0;0;0;1;
79250;1;0;0;0;
79359;0;0;0;1;
79500;0;0;1;0;
79734;0;1;0;0;
79906;1;0;0;0;
80094;0;0;0;1;
80344;0;0;1;0;
80609;0;1;0;0;
80875;0;0;1;0;
81156;0;1;0;0;
81359;0;0;1;0;
81609;0;1;0;0;
81813;0;0;1;0;
82047;0;1;0;0;
82281;1;0;0;0;
82484;0;0;0;1;
82719;0;0;1;0;
82859;0;0;0;1;
83063;0;0;1;0;
83250;0;0;0;1;
83438;0;0;1;0;
83609;0;0;0;1;
83703;0;0;1;0;
83813;0;0;0;1;
83906;0;0;1;0;
84016;0;0;0;1;
84109;0;0;1;0;
84188;0;0;0;1;
84359;1;0;0;0;
84734;0;1;0;0;
84922;0;1;0;0;
85094;0;1;0;0;
85250;1;0;0;0;
85453;1;0;0;0;
85609;0;0;0;1;
85813;0;0;0;1;
86016;0;0;1;0;
86328;0;1;0;0;
86625;1;0;0;0;
86813;0;0;0;1;
87063;0;0;1;0;
87250;0;1;0;0;
87484;1;0;0;0;
87719;0;0;0;1;
87797;0;0;1;0;
88031;0;1;0;0;
88125;1;0;0;0;
88234;0;0;0;1;
88469;0;0;1;0;
88563;0;0;0;1;
88828;0;1;0;0;
89063;1;0;0;0;
89203;1;0;0;0;
89375;1;0;0;0;
89547;1;0;0;0;
89922;1;0;0;0;
90078;1;0;0;0;
90328;1;0;0;0;
90641;1;0;0;0;
90938;1;0;0;0;
91094;1;0;0;0;
91250;1;0;0;0;
91516;1;0;0;0;
91781;0;0;0;1;
92063;0;0;0;1;
92297;0;0;0;1;
92516;0;0;0;1;
92703;0;0;0;1;
92828;0;0;1;0;
93172;0;1;0;0;
93469;0;1;0;0;
93875;0;1;0;0;
94047;1;0;0;0;
94234;1;0;0;0;
94328;0;0;0;1;
94438;1;0;0;0;
94484;0;1;0;0;
94609;0;0;0;1;
94781;0;0;1;0;
94875;1;0;0;0;
95000;0;1;0;0;
95047;0;0;0;1;
95172;1;0;0;0;
95281;0;0;0;1;
95359;0;0;1;0;
95375;1;0;0;0;
95469;0;0;0;1;
95547;0;1;0;0;
95641;0;0;0;1;
95719;1;0;0;0;
95734;0;0;1;0;
95781;0;0;0;1;
95844;1;0;0;0;
95938;0;0;0;1;
96031;1;0;1;0;
96078;0;0;0;1;
96172;1;0;0;0;
96188;0;0;1;0;
96250;0;0;0;1;
96328;1;0;0;0;
96344;0;1;0;0;
96391;0;0;0;1;
96500;1;0;0;0;
96563;0;0;0;1;
96641;1;0;0;0;
96734;0;0;0;1;
96844;1;0;0;0;
96859;0;0;1;0;
96984;1;0;0;0;
97016;0;1;1;0;
97094;0;0;0;1;
97156;1;0;1;0;
97281;0;0;0;1;
97328;1;0;0;0;
97406;0;0;0;1;
97484;1;0;0;0;
97547;0;0;0;1;
97688;1;0;1;0;
97844;1;0;0;0;
97859;0;1;0;0;
97953;0;0;0;1;
98047;1;0;0;0;
98156;0;0;0;1;
98406;0;0;1;0;
98641;0;1;0;0;
98781;1;0;0;0;
98953;0;0;0;1;
99109;0;0;1;0;
99406;0;1;0;0;
99516;1;0;0;0;
99656;0;0;0;1;
99906;0;0;1;0;
100203;0;1;0;0;
100359;1;0;0;0;
100563;0;0;0;1;
100766;0;0;1;0;
100969;0;1;0;0;
101156;1;0;0;0;
101391;0;0;0;1;
101719;0;0;1;0;
102094;1;0;0;0;
102391;1;0;0;0;
102531;1;0;0;0;
102797;1;0;0;0;
103109;0;1;0;0;
103328;0;0;0;1;
103531;0;0;1;0;
103766;0;1;0;0;
103938;0;1;0;0;
104078;1;0;0;0;
104391;1;0;0;0;
104672;1;0;0;0;
104891;1;0;0;0;
105063;0;0;0;1;
105234;0;0;1;0;
105469;0;1;0;0;
105625;1;0;0;0;
105844;0;0;0;1;
106094;0;0;1;0;
106359;0;1;0;0;
106656;1;0;0;0;
106859;0;0;0;1;
107109;0;0;1;0;
107375;0;1;0;0;
107594;1;0;0;0;
107906;0;0;0;1;
108250;0;0;1;0;
108500;0;0;1;0;
108688;0;0;1;0;
108875;0;0;1;0;
109250;0;0;0;1;
109531;0;0;0;1;
109719;0;0;0;1;
109859;0;0;0;1;
110125;0;0;0;1;
110219;0;0;0;1;
110328;0;0;0;1;
110438;0;0;0;1;
110516;0;0;0;1;
