3015;0;0;1;0;
3328;1;0;0;0;
3562;0;1;0;0;
3797;0;0;0;1;
4265;0;1;0;0;
4453;1;0;0;0;
4672;0;0;0;1;
5140;0;0;1;0;
5343;1;0;0;0;
5562;0;1;0;0;
5765;0;0;0;1;
6109;0;0;1;0;
6406;0;0;1;0;
6593;1;0;0;0;
6797;0;1;0;0;
7000;0;0;0;1;
7218;0;0;0;1;
7406;0;0;1;0;
7640;0;1;0;0;
7890;1;0;0;0;
8078;0;0;0;1;
8328;0;0;0;1;
8515;0;0;1;0;
8765;0;1;0;0;
9000;1;0;0;0;
9406;0;0;0;1;
9906;0;0;1;0;
10156;0;1;0;0;
10422;0;1;0;0;
10672;1;0;0;0;
10843;0;0;0;1;
11093;0;0;1;0;
11515;0;1;0;0;
11734;1;0;0;0;
11984;0;0;0;1;
12422;0;0;1;0;
12718;1;0;0;0;
12922;0;1;0;0;
13406;0;0;0;1;
13609;0;0;0;1;
13812;0;0;0;1;
14062;0;0;1;0;
14312;0;1;0;0;
14531;0;1;0;0;
14765;0;1;0;0;
14984;0;1;0;0;
15297;1;0;0;0;
15547;0;0;0;1;
15765;0;0;0;1;
15968;0;0;0;1;
16218;0;0;1;0;
16640;0;1;0;0;
17203;1;0;0;0;
17422;0;1;0;0;
17672;0;0;0;1;
17890;0;0;1;0;
18172;0;1;0;0;
18406;1;0;0;0;
18797;0;0;0;1;
18984;0;0;1;0;
19218;0;1;0;0;
19625;1;0;0;0;
19875;0;0;1;0;
20109;0;0;0;1;
20515;0;1;0;0;
20718;1;0;0;0;
20937;0;0;1;0;
21187;0;0;0;1;
21390;0;1;0;0;
21656;1;0;0;0;
21890;0;0;1;0;
22281;0;0;0;1;
22453;0;1;0;0;
22812;0;0;0;1;
23265;0;0;1;0;
23578;0;1;0;0;
24047;0;1;0;0;
24250;0;0;0;1;
24531;0;0;0;1;
24640;0;0;1;0;
25000;0;1;0;0;
25297;1;0;0;0;
25906;0;0;0;1;
26172;0;0;0;1;
26547;0;1;0;0;
26906;0;1;0;0;
27312;0;0;1;0;
27531;0;0;0;1;
27750;1;0;0;0;
27984;0;1;0;0;
28203;0;0;0;1;
28422;0;0;1;0;
28703;0;1;0;0;
29109;1;0;0;0;
29375;0;0;0;1;
29531;0;0;1;0;
29906;0;1;0;0;
30359;1;0;0;0;
30765;0;0;1;0;
31015;0;0;1;0;
31250;0;0;1;0;
31515;0;0;1;0;
31718;1;0;0;0;
31937;0;1;0;0;
32375;0;0;0;1;
32593;0;0;0;1;
32781;0;0;0;1;
33109;0;0;1;0;
33359;0;1;0;0;
33531;0;1;0;0;
33890;1;0;0;0;
34125;0;0;0;1;
34375;0;0;1;0;
34609;0;1;0;0;
34843;1;0;0;0;
35078;0;0;0;1;
35312;0;0;1;0;
35578;0;1;0;0;
35828;1;0;0;0;
36078;1;0;0;0;
36297;1;0;0;0;
36750;0;0;1;0;
37218;0;1;0;0;
37468;0;1;0;0;
37703;0;1;0;0;
37922;0;1;0;0;
38109;0;1;0;0;
38359;0;1;0;0;
38734;0;0;0;1;
38937;0;0;0;1;
39218;0;0;0;1;
39609;0;0;1;0;
39812;0;0;1;0;
40047;0;0;1;0;
40406;1;0;0;0;
40609;1;0;0;0;
40843;1;0;0;0;
41062;1;0;0;0;
41328;1;0;0;0;
41625;0;0;0;1;
41953;0;1;0;0;
42156;0;1;0;0;
42390;0;1;0;0;
42672;0;0;1;0;
42906;1;0;0;0;
43203;0;0;0;1;
43500;0;0;0;1;
43797;0;0;0;1;
44062;0;0;1;0;
44343;0;1;0;0;
44687;1;0;0;0;
45015;0;0;0;1;
45312;0;0;1;0;
45640;0;1;0;0;
45922;1;0;0;0;
46218;0;0;0;1;
46578;0;0;1;0;
46812;0;1;0;0;
47062;1;0;0;0;
47281;1;0;0;0;
47531;1;0;0;0;
47734;0;0;0;1;
47937;0;0;1;0;
48187;0;1;0;0;
48468;1;0;0;0;
48718;0;1;0;0;
48937;0;1;0;0;
49234;0;0;1;0;
49515;0;0;0;1;
49968;0;0;0;1;
50312;0;1;0;0;
50531;0;1;0;0;
51000;0;0;1;0;
51187;0;0;1;0;
51406;0;0;1;0;
51625;0;1;0;0;
51922;1;0;0;0;
52109;0;0;0;1;
52328;0;0;1;0;
52656;0;1;0;0;
52906;1;0;0;0;
53140;0;0;1;0;
53343;0;0;0;1;
53562;0;1;0;0;
53812;1;0;0;0;
54078;0;0;1;0;
54265;0;0;0;1;
54453;0;1;0;0;
54672;1;0;0;0;
54875;0;0;0;1;
55359;0;0;0;1;
55734;0;0;0;1;
55984;0;0;1;0;
56265;0;1;0;0;
56468;0;0;0;1;
56765;0;0;0;1;
57093;0;0;1;0;
57328;0;1;0;0;
57562;0;1;0;0;
58015;0;0;1;0;
58265;0;0;1;0;
58500;1;0;0;0;
58734;1;0;0;0;
58922;0;1;0;0;
59140;0;1;0;0;
59312;0;0;0;1;
59750;0;0;0;1;
60078;0;0;1;0;
60312;1;0;0;0;
60578;0;1;0;0;
60797;0;0;0;1;
61172;0;0;1;0;
61500;0;1;0;0;
61703;0;1;0;0;
61890;1;0;0;0;
62109;0;0;0;1;
62422;0;0;1;0;
62750;0;1;0;0;
62937;1;0;0;0;
63203;0;0;0;1;
63422;0;0;1;0;
63687;0;1;0;0;
64031;1;0;0;0;
64312;0;0;1;0;
64515;0;0;0;1;
64672;0;1;0;0;
64875;1;0;0;0;
65047;0;0;0;1;
65422;0;0;1;0;
65625;1;0;0;0;
65797;0;1;0;0;
66109;0;0;0;1;
66375;0;0;1;0;
66625;1;0;0;0;
66922;0;1;0;0;
67140;0;0;0;1;
67375;0;0;1;0;
67593;0;1;0;0;
67703;1;0;0;0;
67937;0;0;0;1;
68203;0;0;1;0;
68484;0;1;0;0;
68703;1;0;0;0;
68968;0;0;0;1;
69140;0;0;1;0;
69359;0;1;0;0;
69609;1;0;0;0;
69781;1;0;0;0;
70000;1;0;0;0;
70187;1;0;0;0;
70375;0;0;1;0;
70609;0;0;1;0;
70843;0;0;0;1;
71031;0;0;0;1;
71265;0;0;0;1;
71531;0;0;0;1;
71922;0;0;0;1;
72281;0;1;0;0;
72453;0;1;0;0;
72703;0;1;0;0;
72875;0;1;0;0;
73078;0;1;0;0;
73312;0;1;0;0;
73625;0;0;1;0;
73828;0;0;1;0;
74031;0;0;1;0;
74343;0;0;1;0;
74531;0;0;1;0;
74718;0;0;1;0;
75015;1;0;0;0;
75203;1;0;0;0;
75390;1;0;0;0;
75578;1;0;0;0;
75781;0;1;0;0;
75984;0;1;0;0;
76203;0;1;0;0;
76437;0;0;0;1;
76672;0;0;0;1;
76875;0;0;0;1;
77078;0;0;0;1;
77437;0;0;0;1;
77937;0;0;0;1;
78500;0;0;0;1;
78937;0;0;0;1;
79609;0;0;0;1;
80297;0;0;0;1;
80765;0;0;0;1;
81297;0;0;0;1;
81750;0;0;0;1;
82078;0;0;1;0;
82422;0;0;1;0;
82781;0;1;0;0;
83078;1;0;0;0;
83343;0;0;0;1;
83672;0;1;0;0;
83922;0;1;0;0;
84172;1;0;0;0;
84437;0;0;0;1;
84703;0;0;0;1;
84953;0;0;1;0;
85187;0;1;0;0;
85422;0;1;0;0;
85625;0;1;0;0;
85859;0;1;0;0;
86062;0;1;0;0;
86281;1;0;0;0;
86484;1;0;0;0;
86734;1;0;0;0;
86953;1;0;0;0;
87265;0;0;0;1;
87562;0;0;0;1;
87750;0;0;0;1;
87968;0;0;1;0;
88250;0;0;1;0;
88937;0;1;0;0;
89250;0;1;0;0;
89437;0;1;0;0;
89781;1;0;0;0;
89968;1;0;0;0;
90172;1;0;0;0;
90375;1;0;0;0;
90687;0;0;1;0;
90968;0;0;0;1;
91140;0;0;0;1;
91328;0;0;0;1;
91531;0;0;1;0;
91843;0;1;0;0;
92172;1;0;0;0;
92468;0;0;0;1;
92937;0;1;0;0;
93297;1;0;0;0;
93734;0;0;0;1;
94328;0;1;0;0;
94812;0;1;0;0;
95265;0;0;0;1;
95640;0;0;1;0;
96140;1;0;0;0;
96781;1;0;0;0;
97156;0;0;0;1;
97390;0;0;0;1;
97609;0;0;0;1;
97797;0;0;0;1;
98031;0;0;0;1;
98250;0;0;0;1;
98531;0;1;0;0;
98968;0;1;0;0;
99203;0;1;0;0;
99390;0;1;0;0;
99593;0;1;0;0;
99812;0;1;0;0;
100062;0;1;0;0;
100281;0;1;0;0;
100484;0;1;0;0;
100797;1;0;0;0;
101015;1;0;0;0;
101625;1;0;0;0;
