884;1;0;0;0;
1096;0;1;0;0;
1380;0;0;0;1;
1588;0;0;1;0;
1768;0;1;0;0;
1996;1;0;0;0;
2220;0;0;0;1;
2400;1;0;0;0;
2608;0;0;1;0;
2852;1;0;0;0;
3072;0;1;0;0;
3388;0;0;1;0;
3632;0;0;0;1;
3872;1;0;0;0;
4048;0;1;0;0;
4228;0;0;1;0;
4456;0;0;0;1;
4680;1;0;0;0;
4860;0;1;0;0;
5116;0;0;1;0;
5356;0;0;0;1;
5656;1;0;0;0;
5868;0;0;1;0;
6072;0;1;0;0;
6316;0;0;0;1;
6540;1;0;0;0;
6780;0;1;0;0;
7020;0;0;1;0;
7260;0;0;0;1;
7472;1;0;0;0;
7696;0;1;0;0;
7936;0;0;1;0;
8160;1;0;0;0;
8428;0;0;0;1;
8672;1;0;0;0;
8908;0;1;0;0;
9120;0;0;1;0;
9316;1;0;0;0;
9552;0;1;0;0;
9812;1;0;0;0;
10036;0;0;0;1;
10336;0;0;1;0;
10472;0;1;0;0;
10712;1;0;0;0;
10888;0;0;0;1;
11132;0;0;1;0;
11356;0;1;0;0;
11536;1;0;0;0;
11700;0;0;0;1;
11940;1;0;0;0;
12136;0;0;1;0;
12360;1;0;0;0;
12568;0;1;0;0;
12720;0;0;1;0;
12960;0;0;0;1;
13156;1;0;0;0;
13408;0;1;0;0;
13572;0;0;1;0;
13740;0;0;0;1;
13948;1;0;0;0;
14144;0;1;0;0;
14356;0;0;1;0;
14548;0;0;0;1;
14788;1;0;0;0;
14892;0;1;0;0;
15088;1;0;0;0;
15196;0;0;1;0;
15332;1;0;0;0;
15448;0;1;0;0;
15692;0;0;0;1;
15856;0;0;1;0;
16036;0;1;0;0;
16156;1;0;0;0;
16336;0;0;1;0;
17068;0;0;0;1;
17220;1;0;0;0;
17356;0;1;0;0;
17580;0;0;1;0;
17712;0;0;0;1;
17956;1;0;0;0;
18120;0;1;0;0;
18348;0;0;1;0;
18540;0;0;0;1;
18732;1;0;0;0;
18856;0;1;0;0;
18976;0;0;1;0;
19140;0;0;0;1;
19320;1;0;0;0;
19500;0;0;1;0;
19680;1;0;0;0;
19848;0;1;0;0;
19980;0;0;1;0;
20232;0;0;0;1;
20596;0;1;0;0;
20836;1;0;0;0;
20956;0;0;1;0;
21164;1;0;0;0;
21316;0;1;0;0;
21584;0;0;1;0;
21748;0;0;0;1;
21976;1;0;0;0;
22156;0;1;0;0;
22352;0;0;1;0;
22572;0;0;0;1;
22756;1;0;0;0;
22920;0;1;0;0;
23028;1;0;0;0;
23176;0;0;1;0;
23312;1;0;0;0;
23508;0;0;0;1;
23672;0;0;1;0;
23880;0;1;0;0;
24212;0;0;0;1;
24376;1;0;0;0;
24568;0;1;0;0;
24780;1;0;0;0;
24992;0;0;1;0;
25200;1;0;0;0;
25320;0;1;0;0;
25532;1;0;0;0;
25724;0;0;0;1;
25920;0;0;1;0;
26052;0;1;0;0;
26208;1;0;0;0;
26356;0;0;0;1;
26564;0;0;1;0;
26672;0;1;0;0;
26956;0;0;0;1;
27120;1;0;0;0;
27316;0;1;0;0;
27496;0;0;1;0;
27644;0;0;0;1;
27840;1;0;0;0;
28008;0;1;0;0;
28228;0;0;1;0;
28380;0;0;0;1;
28652;1;0;0;0;
28832;0;1;0;0;
29132;0;0;1;0;
29264;1;0;0;0;
29460;0;0;0;1;
29608;1;0;0;0;
29744;0;1;0;0;
29924;0;0;1;0;
30060;0;0;0;1;
30224;1;0;0;0;
30376;0;1;0;0;
30600;0;0;1;0;
30912;0;0;0;1;
31080;1;0;0;0;
31276;0;1;0;0;
31408;0;0;1;0;
31560;0;0;0;1;
31740;1;0;0;0;
31860;0;1;0;0;
32084;1;0;0;0;
32248;0;0;1;0;
32400;1;0;0;0;
32564;0;1;0;0;
32776;0;0;1;0;
32972;0;0;0;1;
33120;1;0;0;0;
33256;0;1;0;0;
33376;0;0;1;0;
33528;0;0;0;1;
33632;1;0;0;0;
33824;0;1;0;0;
33884;0;0;1;0;
34048;0;0;0;1;
34244;1;0;0;0;
34456;0;0;1;0;
34604;1;0;0;0;
34784;0;1;0;0;
34948;0;0;1;0;
35116;0;0;0;1;
35280;1;0;0;0;
35444;0;1;0;0;
35536;1;0;0;0;
35712;0;0;0;1;
35908;0;0;1;0;
36136;0;1;0;0;
36268;1;0;0;0;
36480;0;0;0;1;
36600;1;0;0;0;
36796;0;0;1;0;
36960;1;0;0;0;
37124;0;1;0;0;
37260;0;0;1;0;
37392;0;0;0;1;
37516;1;0;0;0;
37680;0;1;0;0;
37876;0;0;1;0;
38132;1;0;0;0;
38324;0;0;0;1;
38564;0;0;1;0;
38672;0;1;0;0;
38852;1;0;0;0;
38972;0;0;0;1;
39104;1;0;0;0;
39256;0;1;0;0;
39436;0;0;1;0;
39644;0;0;0;1;
39812;1;0;0;0;
39912;0;1;0;0;
40080;0;0;1;0;
40276;0;0;0;1;
40440;1;0;0;0;
40652;0;0;1;0;
40724;1;0;0;0;
40876;0;1;0;0;
41012;0;0;1;0;
41144;0;0;0;1;
41372;1;0;0;0;
41428;0;1;0;0;
41760;0;0;1;0;
41880;1;0;0;0;
42104;0;0;0;1;
42300;0;0;1;0;
42748;0;1;0;0;
42900;1;0;0;0;
42992;0;0;0;1;
43124;1;0;0;0;
43424;0;0;1;0;
43768;0;1;0;0;
44012;0;0;0;1;
44176;1;0;0;0;
44340;0;1;0;0;
44508;0;0;1;0;
44672;0;0;0;1;
44776;1;0;0;0;
44880;0;1;0;0;
45088;0;0;1;0;
45632;0;0;0;1;
45780;1;0;0;0;
45928;0;1;0;0;
46156;0;0;1;0;
46260;0;0;0;1;
46440;1;0;0;0;
46532;0;1;0;0;
46652;0;0;1;0;
46800;0;0;0;1;
46948;1;0;0;0;
47040;0;1;0;0;
47160;0;0;1;0;
47248;0;0;0;1;
47372;1;0;0;0;
47460;0;1;0;0;
47712;0;0;1;0;
47892;1;0;0;0;
48048;0;1;0;0;
48164;1;0;0;0;
48316;0;1;0;0;
48448;1;0;0;0;
48540;0;0;1;0;
48732;0;0;1;0;
48928;0;0;0;1;
49212;0;1;0;0;
49380;1;0;0;0;
49532;0;0;0;1;
49712;0;0;1;0;
49876;0;1;0;0;
50012;1;0;0;0;
50132;0;0;0;1;
50324;1;0;0;0;
50400;0;0;1;0;
51644;0;0;0;1;
51780;1;0;0;0;
51944;0;1;0;0;
52048;0;0;1;0;
52172;0;0;0;1;
52276;1;0;0;0;
52424;0;1;0;0;
52620;0;0;1;0;
53536;1;0;0;0;
53640;0;1;0;0;
53788;0;0;1;0;
53956;0;0;0;1;
54072;1;0;0;0;
54212;0;1;0;0;
54420;0;0;1;0;
54496;0;0;0;1;
54632;1;0;0;0;
54732;0;1;0;0;
54884;0;0;1;0;
55140;0;0;0;1;
55408;0;1;0;0;
55560;1;0;0;0;
55712;0;0;1;0;
55832;1;0;0;0;
56052;0;1;0;0;
56280;0;0;0;1;
56608;0;1;0;0;
56744;0;0;1;0;
56868;0;0;0;1;
56984;1;0;0;0;
57088;0;1;0;0;
57212;1;0;0;0;
57316;0;0;1;0;
57528;0;0;1;0;
57632;0;0;0;1;
57840;0;1;0;0;
59084;1;0;0;0;
59220;0;1;0;0;
59372;0;0;1;0;
59492;0;0;0;1;
59868;0;1;0;0;
60420;0;0;1;0;
60856;1;0;0;0;
61260;0;0;0;1;
61756;0;1;0;0;
62280;1;0;0;0;
62700;0;1;0;0;
62836;1;0;0;0;
63016;0;0;0;1;
63104;0;0;1;0;
63224;0;1;0;0;
63360;1;0;0;0;
63584;0;0;1;0;
63720;1;0;0;0;
63872;0;1;0;0;
64124;0;0;0;1;
64352;0;1;0;0;
64532;0;0;1;0;
64680;0;0;0;1;
64888;0;1;0;0;
65040;1;0;0;0;
65248;0;0;1;0;
65400;1;0;0;0;
65536;0;1;0;0;
65728;0;0;0;1;
65892;0;0;1;0;
66088;0;1;0;0;
66224;1;0;0;0;
66404;0;0;0;1;
66616;0;1;0;0;
66708;0;0;1;0;
66812;0;0;0;1;
66928;1;0;0;0;
67064;0;1;0;0;
67260;0;0;1;0;
67380;1;0;0;0;
67756;0;0;0;1;
68160;0;1;0;0;
68492;0;0;1;0;
69120;1;0;0;0;
69584;0;0;0;1;
70036;0;1;0;0;
70212;1;0;0;0;
70368;0;0;1;0;
70440;1;0;0;0;
70588;0;1;0;0;
70756;0;0;0;1;
71028;0;1;0;0;
71176;0;0;1;0;
71520;0;0;0;1;
71972;1;0;0;0;
72152;0;1;0;0;
72552;0;0;1;0;
72944;0;1;0;0;
73320;0;0;0;1;
73816;1;0;0;0;
73904;0;1;0;0;
74012;0;0;1;0;
74176;0;0;0;1;
74624;0;1;0;0;
75072;0;0;1;0;
75616;1;0;0;0;
76008;0;1;0;0;
76456;1;0;0;0;
76756;0;0;1;0;
77384;0;0;0;1;
77508;1;0;0;0;
77608;0;1;0;0;
77728;0;0;1;0;
77908;0;0;0;1;
77956;1;0;0;0;
78164;0;0;1;0;
78512;0;1;0;0;
78944;0;0;0;1;
79288;1;0;0;0;
79456;0;1;0;0;
79888;0;0;1;0;
80264;0;0;0;1;
80700;1;0;0;0;
81196;0;1;0;0;
81284;1;0;0;0;
81404;0;0;1;0;
81616;1;0;0;0;
81720;0;0;0;1;
82096;0;1;0;0;
82500;0;0;1;0;
82980;0;0;0;1;
83412;1;0;0;0;
83880;0;1;0;0;
84376;0;0;1;0;
84812;1;0;0;0;
84992;0;1;0;0;
85172;0;0;1;0;
85276;0;0;0;1;
85380;1;0;0;0;
85484;0;1;0;0;
85652;0;0;1;0;
85848;0;0;0;1;
85980;1;0;0;0;
86192;0;0;1;0;
86296;1;0;0;0;
86460;0;1;0;0;
86608;0;0;1;0;
86760;0;0;0;1;
86956;1;0;0;0;
87060;0;1;0;0;
87196;0;0;1;0;
87360;0;0;0;1;
87464;1;0;0;0;
87632;0;1;0;0;
87720;0;0;1;0;
87884;0;0;0;1;
87976;1;0;0;0;
88156;0;1;0;0;
88228;0;0;1;0;
88380;0;0;0;1;
88456;1;0;0;0;
88652;0;1;0;0;
88696;0;0;1;0;
88848;0;0;0;1;
88888;1;0;0;0;
89028;0;0;1;0;
89192;1;0;0;0;
89428;0;1;0;0;
89596;0;0;1;0;
89688;0;0;0;1;
89836;1;0;0;0;
89984;0;1;0;0;
90048;0;0;1;0;
90164;0;0;0;1;
90464;0;1;0;0;
90600;1;0;0;0;
90764;0;0;1;0;
90856;1;0;0;0;
91008;0;1;0;0;
91064;1;0;0;0;
91392;0;0;0;1;
91560;0;0;1;0;
91696;0;1;0;0;
91816;0;0;1;0;
91936;0;0;0;1;
92312;0;1;0;0;
92508;0;0;0;1;
92728;0;1;0;0;
92836;0;0;1;0;
93016;1;0;0;0;
93152;0;1;0;0;
93348;1;0;0;0;
93436;0;0;0;1;
93632;1;0;0;0;
93720;0;1;0;0;
93928;0;0;1;0;
94108;1;0;0;0;
94260;0;0;0;1;
94392;0;0;1;0;
94484;0;1;0;0;
94588;1;0;0;0;
94652;0;0;0;1;
95908;0;0;1;0;
96000;1;0;0;0;
96120;0;1;0;0;
96256;0;0;1;0;
96360;0;0;0;1;
96496;1;0;0;0;
96600;0;1;0;0;
96732;0;0;1;0;
96976;0;0;0;1;
97244;0;1;0;0;
97336;1;0;0;0;
97472;0;0;1;0;
97572;1;0;0;0;
97724;0;1;0;0;
97904;0;0;0;1;
98100;0;0;1;0;
98208;0;1;0;0;
98372;1;0;0;0;
98400;0;0;0;1;
98656;0;1;0;0;
98956;0;0;0;1;
99060;1;0;0;0;
99180;0;1;0;0;
99284;0;0;1;0;
99436;0;0;0;1;
99692;0;1;0;0;
99900;1;0;0;0;
100096;0;0;0;1;
100320;1;0;0;0;
100472;0;1;0;0;
100680;1;0;0;0;
100816;0;0;1;0;
101012;1;0;0;0;
101116;0;1;0;0;
101412;0;0;1;0;
101476;0;0;0;1;
101672;1;0;0;0;
101804;0;1;0;0;
101940;0;0;1;0;
102072;0;0;0;1;
103756;0;0;0;1;
103904;1;0;0;0;
104040;0;1;0;0;
104160;0;0;1;0;
105152;0;0;0;1;
105224;1;0;0;0;
105348;0;1;0;0;
105464;0;0;1;0;
105644;0;0;0;1;
105720;1;0;0;0;
105928;0;0;1;0;
106080;1;0;0;0;
106188;0;1;0;0;
106304;0;0;1;0;
106456;0;0;0;1;
106816;1;0;0;0;
106936;0;1;0;0;
107132;0;0;1;0;
107208;0;0;0;1;
107356;1;0;0;0;
107444;0;1;0;0;
107548;0;0;1;0;
107744;0;0;0;1;
107880;1;0;0;0;
108048;0;1;0;0;
108180;1;0;0;0;
108300;0;0;1;0;
108404;1;0;0;0;
108528;0;1;0;0;
108660;0;0;1;0;
108796;0;0;0;1;
108912;1;0;0;0;
109020;0;1;0;0;
109156;1;0;0;0;
109212;0;0;1;0;
109368;1;0;0;0;
109484;0;1;0;0;
110624;0;0;0;1;
110712;1;0;0;0;
110852;0;1;0;0;
110956;0;0;1;0;
111072;0;0;0;1;
111164;1;0;0;0;
111316;0;0;1;0;
111420;0;1;0;0;
112560;0;0;0;1;
112740;0;1;0;0;
112948;0;0;1;0;
112996;1;0;0;0;
113208;0;0;0;1;
113340;0;1;0;0;
113520;0;0;1;0;
113760;1;0;0;0;
113820;0;0;0;1;
113880;0;0;0;1;
114104;0;1;0;0;
114348;0;0;1;0;
114448;1;0;0;0;
114600;0;0;0;1;
114780;0;0;1;0;
114900;0;1;0;0;
115096;1;0;0;0;
115244;0;0;0;1;
115440;0;1;0;0;
115664;0;0;1;0;
115832;0;0;0;1;
116028;1;0;0;0;
116116;0;1;0;0;
116324;1;0;0;0;
116384;0;0;1;0;
116624;1;0;0;0;
116656;0;1;0;0;
116820;0;0;1;0;
116892;0;0;0;1;
118244;0;0;0;1;
118408;0;1;0;0;
118652;0;0;1;0;
118756;1;0;0;0;
118980;0;0;0;1;
119116;0;1;0;0;
119296;0;0;1;0;
119428;1;0;0;0;
119624;0;0;0;1;
119760;0;1;0;0;
119940;0;0;1;0;
120088;1;0;0;0;
120240;0;0;0;1;
120404;0;1;0;0;
120600;1;0;0;0;
120660;0;0;1;0;
121172;0;0;0;1;
121380;1;0;0;0;
121636;0;1;0;0;
121920;0;0;1;0;
122428;0;0;0;1;
122672;0;0;1;0;
122788;0;1;0;0;
122956;1;0;0;0;
123032;0;0;0;1;
123256;1;0;0;0;
123300;0;1;0;0;
123552;0;0;1;0;
123616;0;0;0;1;
123780;1;0;0;0;
123872;0;1;0;0;
124064;0;0;0;1;
124096;1;0;0;0;
124456;0;0;1;0;
125400;0;1;0;0;
125596;1;0;0;0;
125656;0;0;1;0;
125852;1;0;0;0;
125956;0;1;0;0;
126196;0;0;0;1;
126376;0;0;1;0;
126796;0;1;0;0;
126944;1;0;0;0;
127064;0;0;0;1;
127392;0;1;0;0;
127572;1;0;0;0;
127712;0;0;1;0;
127904;0;0;1;0;
127996;0;1;0;0;
128232;0;0;0;1;
128400;1;0;0;0;
128564;0;1;0;0;
128688;0;0;1;0;
128972;0;0;0;1;
129212;0;1;0;0;
129332;1;0;0;0;
129464;0;0;0;1;
129616;0;0;1;0;
129708;0;1;0;0;
129872;1;0;0;0;
129960;0;0;1;0;
130124;1;0;0;0;
130244;0;1;0;0;
130440;0;0;1;0;
130544;0;0;0;1;
130724;1;0;0;0;
130848;0;1;0;0;
131052;0;0;1;0;
131100;0;0;0;1;
131220;1;0;0;0;
131400;0;1;0;0;
131492;0;0;1;0;
131596;0;0;0;1;
133108;0;0;0;1;
133484;0;1;0;0;
133904;1;0;0;0;
133996;0;0;1;0;
134192;1;0;0;0;
134296;0;1;0;0;
134444;1;0;0;0;
134564;0;0;0;1;
134744;0;0;1;0;
134868;0;1;0;0;
135900;1;0;0;0;
136008;0;1;0;0;
136172;1;0;0;0;
136244;0;0;1;0;
136484;1;0;0;0;
136680;0;0;0;1;
137972;0;0;0;1;
138060;0;1;0;0;
138212;0;0;1;0;
138376;1;0;0;0;
138552;0;0;0;1;
138872;0;1;0;0;
139532;0;0;1;0;
139740;1;0;0;0;
140248;0;1;0;0;
140428;0;0;0;1;
140624;0;0;1;0;
140712;0;1;0;0;
140868;1;0;0;0;
140984;0;0;0;1;
141644;0;0;0;1;
141748;1;0;0;0;
141944;0;1;0;0;
142048;0;0;1;0;
142156;0;0;0;1;
142304;1;0;0;0;
143340;0;1;0;0;
143536;0;0;1;0;
143672;1;0;0;0;
143868;0;0;0;1;
144016;1;0;0;0;
144104;0;1;0;0;
145276;0;1;0;0;
145888;0;0;1;0;
145964;0;0;0;1;
146116;1;0;0;0;
146264;0;1;0;0;
146476;0;0;1;0;
147032;0;1;0;0;
147164;1;0;0;0;
147632;0;0;0;1;
147824;0;1;0;0;
147944;0;0;1;0;
148036;0;0;0;1;
148140;1;0;0;0;
148276;0;1;0;0;
148544;0;0;1;0;
148948;0;1;0;0;
149160;1;0;0;0;
149208;0;0;0;1;
149428;0;1;0;0;
149580;0;0;1;0;
149712;0;0;0;1;
150000;0;1;0;0;
150708;0;0;1;0;
150824;1;0;0;0;
150976;0;1;0;0;
151048;1;0;0;0;
151212;0;0;0;1;
151336;0;0;1;0;
151440;0;1;0;0;
151588;1;0;0;0;
152656;0;0;0;1;
152776;1;0;0;0;
152892;0;1;0;0;
153048;0;0;1;0;
153136;0;0;0;1;
153360;0;1;0;0;
153584;1;0;0;0;
153660;0;0;1;0;
154200;0;1;0;0;
154484;0;0;0;1;
155100;0;1;0;0;
155232;1;0;0;0;
155356;0;0;0;1;
155476;0;0;1;0;
155564;0;1;0;0;
155744;1;0;0;0;
155852;0;0;1;0;
156000;1;0;0;0;
156136;0;0;0;1;
156376;0;1;0;0;
156552;0;0;0;1;
156732;0;0;1;0;
156872;0;1;0;0;
156992;1;0;0;0;
157036;0;0;0;1;
157304;0;0;1;0;
158052;0;1;0;0;
158132;1;0;0;0;
158220;0;0;0;1;
158412;0;0;1;0;
158536;0;1;0;0;
158728;1;0;0;0;
158868;0;0;0;1;
159104;0;0;1;0;
159976;0;1;0;0;
160096;1;0;0;0;
160276;0;0;1;0;
160352;1;0;0;0;
160484;0;1;0;0;
160664;0;0;0;1;
160800;1;0;0;0;
161280;0;1;0;0;
161868;0;0;1;0;
162600;1;0;0;0;
162732;0;1;0;0;
162884;0;0;1;0;
163048;0;0;0;1;
163172;1;0;0;0;
163336;0;1;0;0;
163544;0;0;1;0;
163696;0;0;0;1;
163816;1;0;0;0;
163920;0;1;0;0;
164100;0;0;1;0;
164220;0;0;0;1;
164428;1;0;0;0;
164520;0;1;0;0;
164728;0;0;1;0;
164868;0;0;0;1;
165000;1;0;0;0;
165136;0;1;0;0;
165268;0;0;1;0;
165404;0;0;0;1;
165552;1;0;0;0;
165676;0;1;0;0;
165824;0;0;1;0;
165976;0;0;0;1;
166096;1;0;0;0;
166244;0;1;0;0;
166392;0;0;1;0;
166544;0;0;0;1;
166696;1;0;0;0;
166888;0;1;0;0;
166964;0;0;1;0;
167116;0;0;0;1;
167248;1;0;0;0;
167400;0;1;0;0;
167508;0;0;1;0;
167688;0;0;0;1;
167868;1;0;0;0;
168032;0;1;0;0;
168072;0;0;1;0;
168240;0;0;0;1;
168360;1;0;0;0;
168512;0;1;0;0;
168632;0;0;1;0;
168824;0;0;0;1;
168884;1;0;0;0;
169036;0;1;0;0;
169140;0;0;1;0;
169304;0;0;0;1;
169424;1;0;0;0;
169560;0;1;0;0;
169680;0;0;1;0;
169816;0;0;0;1;
169936;1;0;0;0;
170084;0;1;0;0;
170232;0;0;1;0;
170384;0;0;0;1;
170508;1;0;0;0;
170688;0;1;0;0;
170760;0;0;1;0;
170924;0;0;0;1;
171104;1;0;0;0;
171224;0;1;0;0;
171348;0;0;1;0;
171480;0;0;0;1;
171616;1;0;0;0;
171764;0;1;0;0;
171944;0;0;1;0;
172020;0;0;0;1;
172172;1;0;0;0;
172336;0;1;0;0;
172456;0;0;1;0;
172560;0;0;0;1;
172696;1;0;0;0;
172816;0;1;0;0;
172936;0;0;1;0;
173052;0;0;0;1;
173264;1;0;0;0;
173372;0;1;0;0;
173476;0;0;1;0;
173596;0;0;0;1;
173804;1;0;0;0;
173924;0;1;0;0;
174048;0;0;1;0;
174164;0;0;0;1;
174316;1;0;0;0;
174448;0;1;0;0;
174568;0;0;1;0;
174692;0;0;0;1;
174856;1;0;0;0;
174976;0;1;0;0;
175124;0;0;1;0;
175228;0;0;0;1;
175368;1;0;0;0;
175484;0;1;0;0;
175604;0;0;1;0;
175724;0;0;0;1;
175848;1;0;0;0;
176012;0;1;0;0;
177780;0;0;0;1;
178200;1;0;0;0;
178636;0;1;0;0;
181156;0;0;1;0;
181424;1;0;0;0;
181572;0;1;0;0;
181904;0;0;0;1;
182296;1;0;0;0;
184832;1;0;0;0;
184920;0;1;0;0;
185116;0;0;0;1;
185536;0;0;1;0;
185940;0;1;0;0;
186420;1;0;0;0;
186632;0;1;0;0;
186780;1;0;0;0;
186976;0;0;1;0;
187336;0;0;0;1;
187500;1;0;0;0;
187636;0;1;0;0;
187948;1;0;0;0;
188068;0;0;0;1;
188280;1;0;0;0;
188460;0;1;0;0;
188672;0;0;1;0;
188820;0;0;0;1;
189048;1;0;0;0;
189224;0;1;0;0;
189388;0;0;1;0;
189552;0;0;0;1;
189812;1;0;0;0;
189900;0;1;0;0;
190108;0;0;1;0;
190288;0;0;0;1;
190472;1;0;0;0;
190620;0;0;1;0;
190768;1;0;0;0;
190948;0;1;0;0;
191192;1;0;0;0;
191324;0;0;1;0;
191460;1;0;0;0;
191656;0;1;0;0;
191820;1;0;0;0;
192000;0;0;1;0;
192212;1;0;0;0;
192404;0;1;0;0;
192552;0;0;1;0;
192676;0;0;0;1;
192840;1;0;0;0;
192976;0;1;0;0;
193188;0;0;1;0;
193816;0;0;0;1;
193964;1;0;0;0;
194116;0;1;0;0;
194264;0;0;1;0;
194400;0;0;0;1;
194596;1;0;0;0;
194776;0;1;0;0;
194972;0;0;1;0;
195072;1;0;0;0;
195284;0;0;0;1;
195600;0;1;0;0;
195732;0;0;1;0;
195884;0;0;0;1;
196080;1;0;0;0;
196228;0;1;0;0;
196392;0;0;1;0;
196472;0;0;0;1;
196664;1;0;0;0;
196768;0;1;0;0;
197028;0;0;1;0;
197160;1;0;0;0;
197324;0;0;0;1;
197548;0;1;0;0;
197728;0;0;1;0;
197852;0;0;0;1;
198016;1;0;0;0;
198104;0;1;0;0;
198212;0;0;1;0;
199456;1;0;0;0;
199572;0;1;0;0;
199756;0;0;1;0;
199848;0;0;0;1;
199996;1;0;0;0;
200116;0;1;0;0;
200248;0;0;1;0;
201048;0;0;0;1;
201256;0;1;0;0;
201404;0;0;1;0;
201512;0;0;0;1;
201676;1;0;0;0;
201764;0;1;0;0;
201944;0;0;1;0;
202020;0;0;0;1;
202424;0;1;0;0;
202784;0;0;1;0;
202936;1;0;0;0;
203100;0;1;0;0;
203232;0;0;1;0;
203340;0;0;0;1;
203492;1;0;0;0;
203580;0;1;0;0;
203788;0;0;1;0;
203892;0;0;0;1;
204048;1;0;0;0;
204060;0;1;0;0;
204268;0;0;1;0;
204512;1;0;0;0;
204976;0;1;0;0;
205124;0;0;1;0;
205156;0;0;0;1;
205320;1;0;0;0;
205392;0;1;0;0;
205560;0;0;1;0;
205604;0;0;0;1;
206836;0;0;0;1;
206984;1;0;0;0;
207072;0;1;0;0;
207212;0;0;1;0;
207360;0;0;0;1;
207464;1;0;0;0;
207660;0;0;1;0;
208096;0;1;0;0;
208604;0;0;0;1;
209040;1;0;0;0;
209444;0;1;0;0;
209956;0;0;1;0;
210436;0;0;0;1;
210884;1;0;0;0;
211336;0;1;0;0;
211832;0;0;1;0;
212264;0;0;0;1;
212712;1;0;0;0;
213212;0;1;0;0;
213644;0;0;1;0;
214124;0;0;0;1;
214572;1;0;0;0;
215028;0;1;0;0;
215508;0;0;1;0;
215972;0;0;0;1;
216420;1;0;0;0;
216884;0;1;0;0;
217304;0;0;1;0;
217740;0;0;0;1;
218220;1;0;0;0;
218656;0;1;0;0;
218940;0;0;1;0;
219136;1;0;0;0;
219300;0;1;0;0;
219420;0;0;1;0;
219480;0;0;0;1;
219676;1;0;0;0;
219748;0;1;0;0;
219912;0;0;1;0;
219976;0;0;0;1;
220156;1;0;0;0;
220188;0;1;0;0;
220380;0;0;1;0;
220484;1;0;0;0;
220740;0;0;0;1;
221176;0;1;0;0;
221564;0;0;0;1;
221688;0;0;1;0;
221820;0;1;0;0;
222048;1;0;0;0;
222088;0;0;0;1;
222240;1;0;0;0;
222268;0;0;1;0;
222568;0;1;0;0;
222928;0;0;1;0;
223020;0;0;0;1;
223200;1;0;0;0;
223304;0;1;0;0;
223472;0;0;1;0;
223516;0;0;0;1;
224192;0;0;0;1;
224400;0;0;0;1;
224508;0;0;0;1;
224640;1;0;0;0;
224712;0;1;0;0;
224892;0;0;1;0;
224956;0;0;0;1;
225136;1;0;0;0;
225224;0;1;0;0;
