3682;0;0;1;0;
4014;1;0;0;0;
4228;0;0;0;1;
4473;0;0;1;0;
4834;0;1;0;0;
6406;1;0;0;0;
6777;0;0;0;1;
6953;0;0;1;0;
7207;0;1;0;0;
7363;1;0;0;0;
7539;0;0;0;1;
7734;0;0;1;0;
7949;0;1;0;0;
8115;1;0;0;0;
9160;0;0;0;1;
9521;1;0;0;0;
9814;0;0;0;1;
10078;1;0;0;0;
10273;0;0;0;1;
11504;0;0;1;0;
11709;0;1;0;0;
11885;0;0;1;0;
12119;1;0;0;0;
12324;0;0;0;1;
12510;0;0;1;0;
12744;0;1;0;0;
16211;1;0;0;0;
16426;0;1;0;0;
16660;0;0;1;0;
16855;1;0;0;0;
17031;0;0;0;1;
17246;0;0;1;0;
17500;0;1;0;0;
18613;1;0;0;0;
18877;0;0;0;1;
19111;0;0;1;0;
19287;0;1;0;0;
19482;1;0;0;0;
19678;0;0;0;1;
19853;0;0;1;0;
20029;0;1;0;0;
20205;1;0;0;0;
20400;0;0;0;1;
20576;0;0;1;0;
20781;0;1;0;0;
21367;1;0;0;0;
21660;0;0;1;0;
22031;1;0;0;0;
22285;0;0;0;1;
22471;0;0;1;0;
22685;0;1;0;0;
22891;0;0;0;1;
23105;1;0;0;0;
24004;0;0;0;1;
24228;0;0;1;0;
24414;1;0;0;0;
24639;0;0;0;1;
24785;0;0;1;0;
24980;0;1;0;0;
25137;1;0;0;0;
25351;0;0;1;0;
25625;0;0;1;0;
27490;1;0;0;0;
27637;0;0;0;1;
27832;0;0;1;0;
28047;0;1;0;0;
28223;1;0;0;0;
28447;0;0;0;1;
28652;0;0;1;0;
30566;1;0;0;0;
30869;0;0;0;1;
31094;0;0;1;0;
31308;0;1;0;0;
31504;1;0;0;0;
31738;0;0;0;1;
32002;1;0;0;0;
32314;1;0;0;0;
32646;1;0;0;0;
33017;1;0;0;0;
33457;0;0;0;1;
33760;0;0;0;1;
34062;0;0;0;1;
34277;1;0;0;0;
34492;0;0;1;0;
34785;0;1;0;0;
35029;0;0;0;1;
35322;1;0;0;0;
35537;0;0;1;0;
35762;0;1;0;0;
36787;0;0;0;1;
37041;1;0;0;0;
37783;0;0;0;1;
37978;1;0;0;0;
38174;0;0;0;1;
38340;0;0;1;0;
38623;0;1;0;0;
39004;1;0;0;0;
39316;0;0;0;1;
40117;1;0;0;0;
40303;0;1;0;0;
40517;0;0;0;1;
40674;0;0;1;0;
40889;1;0;0;0;
41308;0;0;0;1;
41689;1;0;0;0;
41904;0;0;0;1;
42041;0;0;1;0;
42236;0;1;0;0;
42383;1;0;0;0;
42558;0;0;0;1;
42715;0;0;1;0;
43096;1;0;0;0;
43496;0;1;0;0;
43691;0;0;0;1;
44141;1;0;0;0;
44355;0;0;1;0;
44560;0;1;0;0;
44726;0;0;0;1;
45088;1;0;0;0;
45449;0;1;0;0;
45762;0;0;0;1;
46025;1;0;0;0;
46377;0;0;0;1;
46728;1;0;0;0;
47119;0;0;0;1;
47324;1;0;0;0;
47490;0;1;0;0;
47676;0;0;1;0;
48047;1;0;0;0;
48203;0;0;0;1;
48408;0;0;1;0;
48584;0;1;0;0;
48750;1;0;0;0;
48974;0;0;0;1;
49092;0;0;1;0;
49394;0;1;0;0;
49853;1;0;0;0;
50058;0;0;0;1;
50303;0;0;1;0;
50478;0;1;0;0;
50644;1;0;0;0;
50801;0;0;0;1;
51016;1;0;0;0;
51162;0;0;0;1;
51455;1;0;0;0;
51680;0;0;0;1;
52012;0;0;1;0;
52353;0;1;0;0;
52734;1;0;0;0;
53086;0;0;0;1;
53398;0;0;1;0;
53642;0;1;0;0;
53838;1;0;0;0;
54014;0;0;0;1;
54160;0;0;1;0;
54492;0;1;0;0;
54687;1;0;0;0;
54844;0;0;0;1;
55049;0;0;1;0;
55244;0;1;0;0;
55478;1;0;0;0;
55830;0;0;0;1;
56211;0;1;0;0;
56621;1;0;0;0;
57226;0;0;1;0;
57519;0;0;0;1;
57871;1;0;0;0;
58193;0;1;0;0;
58613;0;0;0;1;
58965;1;0;0;0;
59355;0;0;1;0;
59766;0;1;0;0;
60156;0;1;0;0;
60391;1;0;0;0;
60752;0;0;0;1;
61006;0;0;1;0;
61182;0;1;0;0;
61396;1;0;0;0;
61582;0;0;0;1;
61758;0;0;1;0;
62080;0;1;0;0;
62519;1;0;0;0;
62969;0;0;0;1;
63193;0;0;1;0;
63672;0;1;0;0;
64092;0;0;0;1;
64443;1;0;0;0;
64795;0;1;0;0;
65019;0;0;0;1;
65224;1;0;0;0;
65469;0;0;0;1;
65693;0;0;1;0;
66084;0;1;0;0;
66269;1;0;0;0;
66455;0;0;0;1;
66660;0;0;1;0;
66894;1;0;0;0;
67119;0;1;0;0;
67529;1;0;0;0;
67715;0;0;0;1;
67930;0;0;1;0;
68154;0;1;0;0;
68310;1;0;0;0;
68506;0;0;0;1;
68721;0;0;1;0;
69131;1;0;0;0;
69375;0;0;0;1;
69590;0;1;0;0;
69766;1;0;0;0;
70137;0;0;0;1;
70342;0;0;1;0;
70547;1;0;0;0;
70713;0;0;0;1;
71064;0;0;1;0;
72041;1;0;0;0;
72275;0;0;0;1;
72461;0;0;1;0;
72685;0;1;0;0;
72832;1;0;0;0;
73047;0;0;0;1;
73193;0;0;1;0;
73408;0;1;0;0;
73545;1;0;0;0;
73740;0;0;0;1;
73906;0;0;1;0;
74062;0;0;0;1;
74267;0;0;1;0;
74394;0;0;0;1;
74580;1;0;0;0;
75410;0;0;0;1;
75576;1;0;0;0;
75791;0;1;0;0;
76016;1;0;0;0;
76348;0;0;0;1;
76601;1;0;0;0;
77627;0;0;0;1;
77783;0;0;1;0;
77978;1;0;0;0;
78193;0;1;0;0;
78369;0;0;0;1;
78516;0;0;1;0;
78701;1;0;0;0;
78887;0;0;0;1;
79072;0;1;0;0;
80410;1;0;0;0;
81162;0;0;0;1;
81357;0;0;1;0;
81562;0;1;0;0;
81777;1;0;0;0;
81943;0;0;0;1;
82148;0;0;1;0;
82324;0;1;0;0;
82715;1;0;0;0;
82871;0;0;0;1;
83086;0;0;1;0;
83252;0;1;0;0;
83662;1;0;0;0;
84580;0;0;0;1;
84736;0;0;1;0;
84961;0;1;0;0;
85166;1;0;0;0;
85322;0;0;0;1;
85488;0;0;1;0;
85664;0;1;0;0;
85850;1;0;0;0;
86025;0;0;0;1;
86260;0;0;1;0;
86416;0;0;0;1;
86592;0;0;1;0;
86748;0;0;0;1;
86914;1;0;0;0;
87119;0;1;0;0;
87519;0;0;0;1;
87949;0;0;0;1;
88252;0;0;0;1;
88486;1;0;0;0;
88633;0;0;0;1;
88965;0;1;0;0;
89131;1;0;0;0;
89316;0;0;0;1;
89775;0;0;1;0;
90098;0;1;0;0;
90439;1;0;0;0;
90644;0;0;0;1;
90781;0;0;1;0;
90976;0;0;0;1;
91133;1;0;0;0;
91338;0;0;1;0;
91543;0;1;0;0;
92031;1;0;0;0;
92373;0;0;0;1;
92842;0;1;0;0;
93154;1;0;0;0;
93603;0;0;0;1;
93877;1;0;0;0;
94072;0;0;1;0;
94258;0;1;0;0;
94473;0;0;0;1;
94619;1;0;0;0;
94844;0;0;1;0;
95244;0;1;0;0;
95683;0;1;0;0;
96055;0;1;0;0;
96338;1;0;0;0;
96641;0;0;0;1;
96836;0;0;1;0;
97109;0;1;0;0;
97519;1;0;0;0;
97705;0;0;0;1;
97861;1;0;0;0;
98017;0;0;0;1;
98340;0;0;1;0;
98555;0;1;0;0;
98916;1;0;0;0;
99219;1;0;0;0;
99590;1;0;0;0;
99951;0;0;0;1;
100273;1;0;0;0;
100517;0;0;0;1;
100732;0;0;1;0;
101113;0;1;0;0;
101269;1;0;0;0;
101475;0;0;0;1;
101670;0;0;1;0;
101894;0;0;0;1;
102275;0;1;0;0;
102685;1;0;0;0;
103027;0;0;0;1;
104004;0;1;0;0;
104219;0;0;0;1;
104375;1;0;0;0;
104531;0;0;0;1;
106240;0;1;0;0;
107383;0;0;0;1;
107568;1;0;0;0;
108027;0;0;0;1;
108223;0;0;1;0;
108428;0;1;0;0;
108545;1;0;0;0;
108769;0;0;0;1;
108994;0;0;1;0;
109394;0;1;0;0;
110283;1;0;0;0;
110937;0;0;0;1;
111211;0;0;1;0;
112500;0;1;0;0;
113447;1;0;0;0;
113633;0;0;0;1;
113828;0;0;1;0;
114023;0;1;0;0;
114433;1;0;0;0;
114590;1;0;0;0;
114853;0;0;1;0;
115010;0;0;0;1;
115215;0;1;0;0;
115654;1;0;0;0;
116094;0;0;0;1;
116494;0;1;0;0;
116777;1;0;0;0;
116963;0;0;0;1;
117334;0;0;0;1;
117764;0;0;0;1;
118154;0;0;0;1;
118555;0;0;0;1;
118965;0;0;0;1;
119336;0;0;0;1;
119726;0;0;0;1;
120098;0;0;0;1;
120508;0;0;0;1;
120889;0;0;0;1;
121299;0;0;0;1;
121709;0;0;0;1;
122090;0;1;0;0;
122441;1;0;0;0;
122881;0;0;0;1;
123291;0;0;0;1;
123711;0;0;0;1;
124141;0;0;0;1;
124521;0;0;0;1;
124892;0;0;0;1;
125273;0;0;0;1;
125664;0;0;0;1;
126074;0;0;0;1;
126475;0;0;0;1;
126846;1;0;0;0;
127217;0;0;0;1;
127646;1;0;0;0;
128057;0;0;0;1;
128496;0;0;1;0;
128935;0;1;0;0;
129375;0;1;0;0;
129639;1;0;0;0;
129756;0;0;0;1;
129932;0;0;1;0;
130908;0;1;0;0;
131572;1;0;0;0;
131973;0;0;0;1;
132392;0;1;0;0;
132754;1;0;0;0;
133223;0;0;0;1;
133418;0;1;0;0;
133584;1;0;0;0;
133779;0;0;1;0;
133984;0;0;0;1;
134180;1;0;0;0;
134414;0;1;0;0;
134619;0;0;0;1;
135176;1;0;0;0;
135693;0;1;0;0;
135889;0;0;0;1;
136055;1;0;0;0;
136201;0;0;0;1;
137060;0;0;1;0;
137471;0;1;0;0;
137861;1;0;0;0;
138281;0;0;0;1;
138652;1;0;0;0;
138848;0;0;0;1;
139062;0;0;1;0;
139482;0;1;0;0;
139678;1;0;0;0;
139834;0;0;0;1;
140010;0;0;1;0;
140225;0;1;0;0;
140410;0;0;1;0;
140576;1;0;0;0;
140928;0;0;0;1;
141416;1;0;0;0;
141846;0;1;0;0;
142207;0;0;1;0;
142480;0;1;0;0;
142871;0;0;1;0;
143242;1;0;0;0;
143682;0;0;0;1;
144092;1;0;0;0;
144473;0;1;0;0;
144707;0;0;0;1;
144863;1;0;0;0;
145117;0;0;0;1;
145273;0;0;1;0;
145762;0;1;0;0;
145976;1;0;0;0;
146123;0;0;0;1;
146299;0;0;1;0;
146494;0;1;0;0;
146650;1;0;0;0;
146826;0;0;0;1;
146992;0;0;1;0;
147236;0;1;0;0;
147637;1;0;0;0;
148066;0;0;0;1;
148291;0;0;1;0;
148476;0;1;0;0;
148877;1;0;0;0;
149228;0;0;0;1;
149609;0;0;1;0;
150039;0;1;0;0;
150420;1;0;0;0;
150781;0;0;0;1;
151191;0;1;0;0;
151504;1;0;0;0;
151748;0;0;0;1;
151933;1;0;0;0;
152207;0;0;0;1;
152392;1;0;0;0;
152549;0;0;0;1;
152695;1;0;0;0;
152910;0;0;1;0;
153115;0;1;0;0;
153301;1;0;0;0;
153525;0;0;0;1;
153682;0;0;1;0;
154101;0;1;0;0;
154443;1;0;0;0;
154834;0;0;0;1;
155039;1;0;0;0;
